0,6,9,10,15,19,21,25,35,42,45,47,
1,4,5,22,24,33,37,40,58,60,61,63,68,
2,3,5,7,13,14,20,32,37,49,59,64,
2,3,5,9,12,15,18,22,32,35,48,57,59,
1,4,33,37,40,60,61,63,
1,2,3,5,12,14,22,24,32,37,49,57,59,
0,6,9,10,19,21,35,38,44,46,47,50,66,
2,7,13,14,20,32,64,
8,16,26,29,36,39,51,52,53,54,62,66,68,
0,3,6,9,10,12,18,35,36,38,46,55,66,
0,6,9,10,18,21,25,35,44,45,46,48,55,
11,15,23,25,34,42,45,48,
3,5,9,12,18,22,35,36,55,57,66,67,68,
2,7,13,20,23,32,48,49,59,64,
2,5,7,14,20,37,41,49,63,
0,3,11,15,23,25,32,34,35,42,48,64,
8,16,26,29,39,51,54,62,
17,26,27,33,39,40,56,65,68,
3,9,10,12,18,25,35,46,48,55,57,59,67,
0,6,19,21,38,44,47,50,
2,7,13,14,20,41,49,59,
0,6,10,19,21,25,44,45,46,47,
1,3,5,12,22,24,33,36,37,57,58,67,68,
11,13,15,23,25,32,34,48,59,64,
1,5,22,24,37,41,49,57,58,59,60,61,67,
0,10,11,15,18,21,23,25,35,42,45,48,
8,16,17,26,27,33,36,39,52,54,56,68,
17,26,27,39,52,54,56,65,
28,29,30,31,38,43,44,46,51,53,55,66,
8,16,28,29,31,36,38,43,51,53,62,66,
28,30,31,38,43,44,46,50,
28,29,30,31,38,43,50,62,66,
2,3,5,7,13,15,23,32,34,35,48,59,64,
1,4,17,22,26,33,40,56,58,61,65,68,
11,15,23,32,34,42,64,
0,3,6,9,10,12,15,18,25,32,35,42,48,
8,9,12,22,26,29,36,52,53,55,66,67,68,
1,2,4,5,14,22,24,37,41,49,60,63,
6,9,19,28,29,30,31,38,44,46,50,66,
8,16,17,26,27,39,54,
1,4,17,33,40,61,65,
14,20,24,37,41,49,60,63,
0,11,15,25,34,35,42,45,47,
28,29,30,31,43,51,53,62,
6,10,19,21,28,30,38,44,46,50,
0,10,11,21,25,42,45,47,
6,9,10,18,21,28,30,38,44,46,53,55,66,
0,6,19,21,42,45,47,
3,10,11,13,15,18,23,25,32,35,48,57,59,
2,5,13,14,20,24,37,41,49,57,59,60,
6,19,30,31,38,44,50,
8,16,28,29,43,51,52,53,54,62,
8,26,27,36,51,52,53,54,55,56,58,67,68,
8,28,29,36,43,46,51,52,53,54,55,66,67,
8,16,26,27,39,51,52,53,54,56,
9,10,12,18,28,36,46,52,53,55,57,66,67,
17,26,27,33,52,54,56,58,61,65,67,68,
3,5,12,18,22,24,48,49,55,57,58,59,67,
1,22,24,33,52,56,57,58,60,61,65,67,68,
2,3,5,13,18,20,23,24,32,48,49,57,59,
1,4,24,37,41,49,58,60,61,63,
1,4,24,33,40,56,58,60,61,65,
8,16,29,31,43,51,62,
1,4,14,37,41,60,63,
2,7,13,15,23,32,34,64,
17,27,33,40,56,58,61,65,
6,8,9,12,28,29,31,36,38,46,53,55,66,
12,18,22,24,36,52,53,55,56,57,58,67,68,
1,8,12,17,22,26,33,36,52,56,58,67,68,
