0,1,2,3,4,5,6,7,8,9,10,11,
0,1,2,3,4,5,6,7,8,9,10,11,
0,1,2,3,4,5,6,7,8,9,10,11,12,13,
0,1,2,3,4,5,6,7,8,9,10,11,12,13,
0,1,2,3,4,5,6,7,8,9,10,11,12,13,14,15,
0,1,2,3,4,5,6,7,8,9,10,11,12,13,14,15,
0,1,2,3,4,5,6,7,8,9,10,11,12,13,14,15,16,17,
0,1,2,3,4,5,6,7,8,9,10,11,12,13,14,15,16,17,
0,1,2,3,4,5,6,7,8,9,10,11,12,13,14,15,16,17,18,19,
0,1,2,3,4,5,6,7,8,9,10,11,12,13,14,15,16,17,18,19,
0,1,2,3,4,5,6,7,8,9,10,11,12,13,14,15,16,17,18,19,20,21,
0,1,2,3,4,5,6,7,8,9,10,11,12,13,14,15,16,17,18,19,20,21,
2,3,4,5,6,7,8,9,10,11,12,13,14,15,16,17,18,19,20,21,22,23,
2,3,4,5,6,7,8,9,10,11,12,13,14,15,16,17,18,19,20,21,22,23,
4,5,6,7,8,9,10,11,12,13,14,15,16,17,18,19,20,21,22,23,24,25,
4,5,6,7,8,9,10,11,12,13,14,15,16,17,18,19,20,21,22,23,24,25,
6,7,8,9,10,11,12,13,14,15,16,17,18,19,20,21,22,23,24,25,26,27,
6,7,8,9,10,11,12,13,14,15,16,17,18,19,20,21,22,23,24,25,26,27,
8,9,10,11,12,13,14,15,16,17,18,19,20,21,22,23,24,25,26,27,28,29,
8,9,10,11,12,13,14,15,16,17,18,19,20,21,22,23,24,25,26,27,28,29,
10,11,12,13,14,15,16,17,18,19,20,21,22,23,24,25,26,27,28,29,30,31,
10,11,12,13,14,15,16,17,18,19,20,21,22,23,24,25,26,27,28,29,30,31,
12,13,14,15,16,17,18,19,20,21,22,23,24,25,26,27,28,29,30,31,32,33,
12,13,14,15,16,17,18,19,20,21,22,23,24,25,26,27,28,29,30,31,32,33,
14,15,16,17,18,19,20,21,22,23,24,25,26,27,28,29,30,31,32,33,34,35,
14,15,16,17,18,19,20,21,22,23,24,25,26,27,28,29,30,31,32,33,34,35,
16,17,18,19,20,21,22,23,24,25,26,27,28,29,30,31,32,33,34,35,36,37,
16,17,18,19,20,21,22,23,24,25,26,27,28,29,30,31,32,33,34,35,36,37,
18,19,20,21,22,23,24,25,26,27,28,29,30,31,32,33,34,35,36,37,38,39,
18,19,20,21,22,23,24,25,26,27,28,29,30,31,32,33,34,35,36,37,38,39,
20,21,22,23,24,25,26,27,28,29,30,31,32,33,34,35,36,37,38,39,40,41,
20,21,22,23,24,25,26,27,28,29,30,31,32,33,34,35,36,37,38,39,40,41,
22,23,24,25,26,27,28,29,30,31,32,33,34,35,36,37,38,39,40,41,42,43,
22,23,24,25,26,27,28,29,30,31,32,33,34,35,36,37,38,39,40,41,42,43,
24,25,26,27,28,29,30,31,32,33,34,35,36,37,38,39,40,41,42,43,44,45,
24,25,26,27,28,29,30,31,32,33,34,35,36,37,38,39,40,41,42,43,44,45,
26,27,28,29,30,31,32,33,34,35,36,37,38,39,40,41,42,43,44,45,46,47,
26,27,28,29,30,31,32,33,34,35,36,37,38,39,40,41,42,43,44,45,46,47,
28,29,30,31,32,33,34,35,36,37,38,39,40,41,42,43,44,45,46,47,48,49,
28,29,30,31,32,33,34,35,36,37,38,39,40,41,42,43,44,45,46,47,48,49,
30,31,32,33,34,35,36,37,38,39,40,41,42,43,44,45,46,47,48,49,50,51,
30,31,32,33,34,35,36,37,38,39,40,41,42,43,44,45,46,47,48,49,50,51,
32,33,34,35,36,37,38,39,40,41,42,43,44,45,46,47,48,49,50,51,52,53,
32,33,34,35,36,37,38,39,40,41,42,43,44,45,46,47,48,49,50,51,52,53,
34,35,36,37,38,39,40,41,42,43,44,45,46,47,48,49,50,51,52,53,54,55,
34,35,36,37,38,39,40,41,42,43,44,45,46,47,48,49,50,51,52,53,54,55,
36,37,38,39,40,41,42,43,44,45,46,47,48,49,50,51,52,53,54,55,56,57,
36,37,38,39,40,41,42,43,44,45,46,47,48,49,50,51,52,53,54,55,56,57,
38,39,40,41,42,43,44,45,46,47,48,49,50,51,52,53,54,55,56,57,58,59,
38,39,40,41,42,43,44,45,46,47,48,49,50,51,52,53,54,55,56,57,58,59,
40,41,42,43,44,45,46,47,48,49,50,51,52,53,54,55,56,57,58,59,60,61,
40,41,42,43,44,45,46,47,48,49,50,51,52,53,54,55,56,57,58,59,60,61,
42,43,44,45,46,47,48,49,50,51,52,53,54,55,56,57,58,59,60,61,62,63,
42,43,44,45,46,47,48,49,50,51,52,53,54,55,56,57,58,59,60,61,62,63,
44,45,46,47,48,49,50,51,52,53,54,55,56,57,58,59,60,61,62,63,64,65,
44,45,46,47,48,49,50,51,52,53,54,55,56,57,58,59,60,61,62,63,64,65,
46,47,48,49,50,51,52,53,54,55,56,57,58,59,60,61,62,63,64,65,66,67,
46,47,48,49,50,51,52,53,54,55,56,57,58,59,60,61,62,63,64,65,66,67,
48,49,50,51,52,53,54,55,56,57,58,59,60,61,62,63,64,65,66,67,68,69,
48,49,50,51,52,53,54,55,56,57,58,59,60,61,62,63,64,65,66,67,68,69,
50,51,52,53,54,55,56,57,58,59,60,61,62,63,64,65,66,67,68,69,70,71,
50,51,52,53,54,55,56,57,58,59,60,61,62,63,64,65,66,67,68,69,70,71,
52,53,54,55,56,57,58,59,60,61,62,63,64,65,66,67,68,69,70,71,72,73,
52,53,54,55,56,57,58,59,60,61,62,63,64,65,66,67,68,69,70,71,72,73,
54,55,56,57,58,59,60,61,62,63,64,65,66,67,68,69,70,71,72,73,74,75,
54,55,56,57,58,59,60,61,62,63,64,65,66,67,68,69,70,71,72,73,74,75,
56,57,58,59,60,61,62,63,64,65,66,67,68,69,70,71,72,73,74,75,76,77,
56,57,58,59,60,61,62,63,64,65,66,67,68,69,70,71,72,73,74,75,76,77,
58,59,60,61,62,63,64,65,66,67,68,69,70,71,72,73,74,75,76,77,78,79,
58,59,60,61,62,63,64,65,66,67,68,69,70,71,72,73,74,75,76,77,78,79,
60,61,62,63,64,65,66,67,68,69,70,71,72,73,74,75,76,77,78,79,80,81,
60,61,62,63,64,65,66,67,68,69,70,71,72,73,74,75,76,77,78,79,80,81,
62,63,64,65,66,67,68,69,70,71,72,73,74,75,76,77,78,79,80,81,82,83,
62,63,64,65,66,67,68,69,70,71,72,73,74,75,76,77,78,79,80,81,82,83,
64,65,66,67,68,69,70,71,72,73,74,75,76,77,78,79,80,81,82,83,84,85,
64,65,66,67,68,69,70,71,72,73,74,75,76,77,78,79,80,81,82,83,84,85,
66,67,68,69,70,71,72,73,74,75,76,77,78,79,80,81,82,83,84,85,86,87,
66,67,68,69,70,71,72,73,74,75,76,77,78,79,80,81,82,83,84,85,86,87,
68,69,70,71,72,73,74,75,76,77,78,79,80,81,82,83,84,85,86,87,88,89,
68,69,70,71,72,73,74,75,76,77,78,79,80,81,82,83,84,85,86,87,88,89,
70,71,72,73,74,75,76,77,78,79,80,81,82,83,84,85,86,87,88,89,90,91,
70,71,72,73,74,75,76,77,78,79,80,81,82,83,84,85,86,87,88,89,90,91,
72,73,74,75,76,77,78,79,80,81,82,83,84,85,86,87,88,89,90,91,92,93,
72,73,74,75,76,77,78,79,80,81,82,83,84,85,86,87,88,89,90,91,92,93,
74,75,76,77,78,79,80,81,82,83,84,85,86,87,88,89,90,91,92,93,94,95,
74,75,76,77,78,79,80,81,82,83,84,85,86,87,88,89,90,91,92,93,94,95,
76,77,78,79,80,81,82,83,84,85,86,87,88,89,90,91,92,93,94,95,96,97,
76,77,78,79,80,81,82,83,84,85,86,87,88,89,90,91,92,93,94,95,96,97,
78,79,80,81,82,83,84,85,86,87,88,89,90,91,92,93,94,95,96,97,98,99,
78,79,80,81,82,83,84,85,86,87,88,89,90,91,92,93,94,95,96,97,98,99,
80,81,82,83,84,85,86,87,88,89,90,91,92,93,94,95,96,97,98,99,100,101,
80,81,82,83,84,85,86,87,88,89,90,91,92,93,94,95,96,97,98,99,100,101,
82,83,84,85,86,87,88,89,90,91,92,93,94,95,96,97,98,99,100,101,102,103,
82,83,84,85,86,87,88,89,90,91,92,93,94,95,96,97,98,99,100,101,102,103,
84,85,86,87,88,89,90,91,92,93,94,95,96,97,98,99,100,101,102,103,104,105,
84,85,86,87,88,89,90,91,92,93,94,95,96,97,98,99,100,101,102,103,104,105,
86,87,88,89,90,91,92,93,94,95,96,97,98,99,100,101,102,103,104,105,106,107,
86,87,88,89,90,91,92,93,94,95,96,97,98,99,100,101,102,103,104,105,106,107,
88,89,90,91,92,93,94,95,96,97,98,99,100,101,102,103,104,105,106,107,108,109,
88,89,90,91,92,93,94,95,96,97,98,99,100,101,102,103,104,105,106,107,108,109,
90,91,92,93,94,95,96,97,98,99,100,101,102,103,104,105,106,107,108,109,110,111,
90,91,92,93,94,95,96,97,98,99,100,101,102,103,104,105,106,107,108,109,110,111,
92,93,94,95,96,97,98,99,100,101,102,103,104,105,106,107,108,109,110,111,112,113,
92,93,94,95,96,97,98,99,100,101,102,103,104,105,106,107,108,109,110,111,112,113,
94,95,96,97,98,99,100,101,102,103,104,105,106,107,108,109,110,111,112,113,114,115,
94,95,96,97,98,99,100,101,102,103,104,105,106,107,108,109,110,111,112,113,114,115,
96,97,98,99,100,101,102,103,104,105,106,107,108,109,110,111,112,113,114,115,116,117,
96,97,98,99,100,101,102,103,104,105,106,107,108,109,110,111,112,113,114,115,116,117,
98,99,100,101,102,103,104,105,106,107,108,109,110,111,112,113,114,115,116,117,118,119,
98,99,100,101,102,103,104,105,106,107,108,109,110,111,112,113,114,115,116,117,118,119,
100,101,102,103,104,105,106,107,108,109,110,111,112,113,114,115,116,117,118,119,120,121,
100,101,102,103,104,105,106,107,108,109,110,111,112,113,114,115,116,117,118,119,120,121,
102,103,104,105,106,107,108,109,110,111,112,113,114,115,116,117,118,119,120,121,122,123,
102,103,104,105,106,107,108,109,110,111,112,113,114,115,116,117,118,119,120,121,122,123,
104,105,106,107,108,109,110,111,112,113,114,115,116,117,118,119,120,121,122,123,124,125,
104,105,106,107,108,109,110,111,112,113,114,115,116,117,118,119,120,121,122,123,124,125,
106,107,108,109,110,111,112,113,114,115,116,117,118,119,120,121,122,123,124,125,126,127,
106,107,108,109,110,111,112,113,114,115,116,117,118,119,120,121,122,123,124,125,126,127,
108,109,110,111,112,113,114,115,116,117,118,119,120,121,122,123,124,125,126,127,128,129,
108,109,110,111,112,113,114,115,116,117,118,119,120,121,122,123,124,125,126,127,128,129,
110,111,112,113,114,115,116,117,118,119,120,121,122,123,124,125,126,127,128,129,130,131,
110,111,112,113,114,115,116,117,118,119,120,121,122,123,124,125,126,127,128,129,130,131,
112,113,114,115,116,117,118,119,120,121,122,123,124,125,126,127,128,129,130,131,132,133,
112,113,114,115,116,117,118,119,120,121,122,123,124,125,126,127,128,129,130,131,132,133,
114,115,116,117,118,119,120,121,122,123,124,125,126,127,128,129,130,131,132,133,134,135,
114,115,116,117,118,119,120,121,122,123,124,125,126,127,128,129,130,131,132,133,134,135,
116,117,118,119,120,121,122,123,124,125,126,127,128,129,130,131,132,133,134,135,136,137,
116,117,118,119,120,121,122,123,124,125,126,127,128,129,130,131,132,133,134,135,136,137,
118,119,120,121,122,123,124,125,126,127,128,129,130,131,132,133,134,135,136,137,138,139,
118,119,120,121,122,123,124,125,126,127,128,129,130,131,132,133,134,135,136,137,138,139,
120,121,122,123,124,125,126,127,128,129,130,131,132,133,134,135,136,137,138,139,140,141,
120,121,122,123,124,125,126,127,128,129,130,131,132,133,134,135,136,137,138,139,140,141,
122,123,124,125,126,127,128,129,130,131,132,133,134,135,136,137,138,139,140,141,142,143,
122,123,124,125,126,127,128,129,130,131,132,133,134,135,136,137,138,139,140,141,142,143,
124,125,126,127,128,129,130,131,132,133,134,135,136,137,138,139,140,141,142,143,144,145,
124,125,126,127,128,129,130,131,132,133,134,135,136,137,138,139,140,141,142,143,144,145,
126,127,128,129,130,131,132,133,134,135,136,137,138,139,140,141,142,143,144,145,146,147,
126,127,128,129,130,131,132,133,134,135,136,137,138,139,140,141,142,143,144,145,146,147,
128,129,130,131,132,133,134,135,136,137,138,139,140,141,142,143,144,145,146,147,148,149,
128,129,130,131,132,133,134,135,136,137,138,139,140,141,142,143,144,145,146,147,148,149,
130,131,132,133,134,135,136,137,138,139,140,141,142,143,144,145,146,147,148,149,150,151,
130,131,132,133,134,135,136,137,138,139,140,141,142,143,144,145,146,147,148,149,150,151,
132,133,134,135,136,137,138,139,140,141,142,143,144,145,146,147,148,149,150,151,152,153,
132,133,134,135,136,137,138,139,140,141,142,143,144,145,146,147,148,149,150,151,152,153,
134,135,136,137,138,139,140,141,142,143,144,145,146,147,148,149,150,151,152,153,154,155,
134,135,136,137,138,139,140,141,142,143,144,145,146,147,148,149,150,151,152,153,154,155,
136,137,138,139,140,141,142,143,144,145,146,147,148,149,150,151,152,153,154,155,156,157,
136,137,138,139,140,141,142,143,144,145,146,147,148,149,150,151,152,153,154,155,156,157,
138,139,140,141,142,143,144,145,146,147,148,149,150,151,152,153,154,155,156,157,158,159,
138,139,140,141,142,143,144,145,146,147,148,149,150,151,152,153,154,155,156,157,158,159,
140,141,142,143,144,145,146,147,148,149,150,151,152,153,154,155,156,157,158,159,160,161,
140,141,142,143,144,145,146,147,148,149,150,151,152,153,154,155,156,157,158,159,160,161,
142,143,144,145,146,147,148,149,150,151,152,153,154,155,156,157,158,159,160,161,162,163,
142,143,144,145,146,147,148,149,150,151,152,153,154,155,156,157,158,159,160,161,162,163,
144,145,146,147,148,149,150,151,152,153,154,155,156,157,158,159,160,161,162,163,164,165,
144,145,146,147,148,149,150,151,152,153,154,155,156,157,158,159,160,161,162,163,164,165,
146,147,148,149,150,151,152,153,154,155,156,157,158,159,160,161,162,163,164,165,166,167,
146,147,148,149,150,151,152,153,154,155,156,157,158,159,160,161,162,163,164,165,166,167,
148,149,150,151,152,153,154,155,156,157,158,159,160,161,162,163,164,165,166,167,168,169,
148,149,150,151,152,153,154,155,156,157,158,159,160,161,162,163,164,165,166,167,168,169,
150,151,152,153,154,155,156,157,158,159,160,161,162,163,164,165,166,167,168,169,170,171,
150,151,152,153,154,155,156,157,158,159,160,161,162,163,164,165,166,167,168,169,170,171,
152,153,154,155,156,157,158,159,160,161,162,163,164,165,166,167,168,169,170,171,172,173,
152,153,154,155,156,157,158,159,160,161,162,163,164,165,166,167,168,169,170,171,172,173,
154,155,156,157,158,159,160,161,162,163,164,165,166,167,168,169,170,171,172,173,174,175,
154,155,156,157,158,159,160,161,162,163,164,165,166,167,168,169,170,171,172,173,174,175,
156,157,158,159,160,161,162,163,164,165,166,167,168,169,170,171,172,173,174,175,176,177,
156,157,158,159,160,161,162,163,164,165,166,167,168,169,170,171,172,173,174,175,176,177,
158,159,160,161,162,163,164,165,166,167,168,169,170,171,172,173,174,175,176,177,178,179,
158,159,160,161,162,163,164,165,166,167,168,169,170,171,172,173,174,175,176,177,178,179,
160,161,162,163,164,165,166,167,168,169,170,171,172,173,174,175,176,177,178,179,180,181,
160,161,162,163,164,165,166,167,168,169,170,171,172,173,174,175,176,177,178,179,180,181,
162,163,164,165,166,167,168,169,170,171,172,173,174,175,176,177,178,179,180,181,182,183,
162,163,164,165,166,167,168,169,170,171,172,173,174,175,176,177,178,179,180,181,182,183,
164,165,166,167,168,169,170,171,172,173,174,175,176,177,178,179,180,181,182,183,184,185,
164,165,166,167,168,169,170,171,172,173,174,175,176,177,178,179,180,181,182,183,184,185,
166,167,168,169,170,171,172,173,174,175,176,177,178,179,180,181,182,183,184,185,186,187,
166,167,168,169,170,171,172,173,174,175,176,177,178,179,180,181,182,183,184,185,186,187,
168,169,170,171,172,173,174,175,176,177,178,179,180,181,182,183,184,185,186,187,188,189,
168,169,170,171,172,173,174,175,176,177,178,179,180,181,182,183,184,185,186,187,188,189,
170,171,172,173,174,175,176,177,178,179,180,181,182,183,184,185,186,187,188,189,190,191,
170,171,172,173,174,175,176,177,178,179,180,181,182,183,184,185,186,187,188,189,190,191,
172,173,174,175,176,177,178,179,180,181,182,183,184,185,186,187,188,189,190,191,192,193,
172,173,174,175,176,177,178,179,180,181,182,183,184,185,186,187,188,189,190,191,192,193,
174,175,176,177,178,179,180,181,182,183,184,185,186,187,188,189,190,191,192,193,194,195,
174,175,176,177,178,179,180,181,182,183,184,185,186,187,188,189,190,191,192,193,194,195,
176,177,178,179,180,181,182,183,184,185,186,187,188,189,190,191,192,193,194,195,196,197,
176,177,178,179,180,181,182,183,184,185,186,187,188,189,190,191,192,193,194,195,196,197,
178,179,180,181,182,183,184,185,186,187,188,189,190,191,192,193,194,195,196,197,198,199,
178,179,180,181,182,183,184,185,186,187,188,189,190,191,192,193,194,195,196,197,198,199,
180,181,182,183,184,185,186,187,188,189,190,191,192,193,194,195,196,197,198,199,200,201,
180,181,182,183,184,185,186,187,188,189,190,191,192,193,194,195,196,197,198,199,200,201,
182,183,184,185,186,187,188,189,190,191,192,193,194,195,196,197,198,199,200,201,202,203,
182,183,184,185,186,187,188,189,190,191,192,193,194,195,196,197,198,199,200,201,202,203,
184,185,186,187,188,189,190,191,192,193,194,195,196,197,198,199,200,201,202,203,204,205,
184,185,186,187,188,189,190,191,192,193,194,195,196,197,198,199,200,201,202,203,204,205,
186,187,188,189,190,191,192,193,194,195,196,197,198,199,200,201,202,203,204,205,206,207,
186,187,188,189,190,191,192,193,194,195,196,197,198,199,200,201,202,203,204,205,206,207,
188,189,190,191,192,193,194,195,196,197,198,199,200,201,202,203,204,205,206,207,208,209,
188,189,190,191,192,193,194,195,196,197,198,199,200,201,202,203,204,205,206,207,208,209,
190,191,192,193,194,195,196,197,198,199,200,201,202,203,204,205,206,207,208,209,210,211,
190,191,192,193,194,195,196,197,198,199,200,201,202,203,204,205,206,207,208,209,210,211,
192,193,194,195,196,197,198,199,200,201,202,203,204,205,206,207,208,209,210,211,212,213,
192,193,194,195,196,197,198,199,200,201,202,203,204,205,206,207,208,209,210,211,212,213,
194,195,196,197,198,199,200,201,202,203,204,205,206,207,208,209,210,211,212,213,214,215,
194,195,196,197,198,199,200,201,202,203,204,205,206,207,208,209,210,211,212,213,214,215,
196,197,198,199,200,201,202,203,204,205,206,207,208,209,210,211,212,213,214,215,216,217,
196,197,198,199,200,201,202,203,204,205,206,207,208,209,210,211,212,213,214,215,216,217,
198,199,200,201,202,203,204,205,206,207,208,209,210,211,212,213,214,215,216,217,218,219,
198,199,200,201,202,203,204,205,206,207,208,209,210,211,212,213,214,215,216,217,218,219,
200,201,202,203,204,205,206,207,208,209,210,211,212,213,214,215,216,217,218,219,220,221,
200,201,202,203,204,205,206,207,208,209,210,211,212,213,214,215,216,217,218,219,220,221,
202,203,204,205,206,207,208,209,210,211,212,213,214,215,216,217,218,219,220,221,222,223,
202,203,204,205,206,207,208,209,210,211,212,213,214,215,216,217,218,219,220,221,222,223,
204,205,206,207,208,209,210,211,212,213,214,215,216,217,218,219,220,221,222,223,224,225,
204,205,206,207,208,209,210,211,212,213,214,215,216,217,218,219,220,221,222,223,224,225,
206,207,208,209,210,211,212,213,214,215,216,217,218,219,220,221,222,223,224,225,226,227,
206,207,208,209,210,211,212,213,214,215,216,217,218,219,220,221,222,223,224,225,226,227,
208,209,210,211,212,213,214,215,216,217,218,219,220,221,222,223,224,225,226,227,228,229,
208,209,210,211,212,213,214,215,216,217,218,219,220,221,222,223,224,225,226,227,228,229,
210,211,212,213,214,215,216,217,218,219,220,221,222,223,224,225,226,227,228,229,230,231,
210,211,212,213,214,215,216,217,218,219,220,221,222,223,224,225,226,227,228,229,230,231,
212,213,214,215,216,217,218,219,220,221,222,223,224,225,226,227,228,229,230,231,232,233,
212,213,214,215,216,217,218,219,220,221,222,223,224,225,226,227,228,229,230,231,232,233,
214,215,216,217,218,219,220,221,222,223,224,225,226,227,228,229,230,231,232,233,234,235,
214,215,216,217,218,219,220,221,222,223,224,225,226,227,228,229,230,231,232,233,234,235,
216,217,218,219,220,221,222,223,224,225,226,227,228,229,230,231,232,233,234,235,236,237,
216,217,218,219,220,221,222,223,224,225,226,227,228,229,230,231,232,233,234,235,236,237,
218,219,220,221,222,223,224,225,226,227,228,229,230,231,232,233,234,235,236,237,238,239,
218,219,220,221,222,223,224,225,226,227,228,229,230,231,232,233,234,235,236,237,238,239,
220,221,222,223,224,225,226,227,228,229,230,231,232,233,234,235,236,237,238,239,240,241,
220,221,222,223,224,225,226,227,228,229,230,231,232,233,234,235,236,237,238,239,240,241,
222,223,224,225,226,227,228,229,230,231,232,233,234,235,236,237,238,239,240,241,242,243,
222,223,224,225,226,227,228,229,230,231,232,233,234,235,236,237,238,239,240,241,242,243,
224,225,226,227,228,229,230,231,232,233,234,235,236,237,238,239,240,241,242,243,244,245,
224,225,226,227,228,229,230,231,232,233,234,235,236,237,238,239,240,241,242,243,244,245,
226,227,228,229,230,231,232,233,234,235,236,237,238,239,240,241,242,243,244,245,246,247,
226,227,228,229,230,231,232,233,234,235,236,237,238,239,240,241,242,243,244,245,246,247,
228,229,230,231,232,233,234,235,236,237,238,239,240,241,242,243,244,245,246,247,248,249,
228,229,230,231,232,233,234,235,236,237,238,239,240,241,242,243,244,245,246,247,248,249,
230,231,232,233,234,235,236,237,238,239,240,241,242,243,244,245,246,247,248,249,250,251,
230,231,232,233,234,235,236,237,238,239,240,241,242,243,244,245,246,247,248,249,250,251,
232,233,234,235,236,237,238,239,240,241,242,243,244,245,246,247,248,249,250,251,252,253,
232,233,234,235,236,237,238,239,240,241,242,243,244,245,246,247,248,249,250,251,252,253,
234,235,236,237,238,239,240,241,242,243,244,245,246,247,248,249,250,251,252,253,254,255,
234,235,236,237,238,239,240,241,242,243,244,245,246,247,248,249,250,251,252,253,254,255,
236,237,238,239,240,241,242,243,244,245,246,247,248,249,250,251,252,253,254,255,256,257,
236,237,238,239,240,241,242,243,244,245,246,247,248,249,250,251,252,253,254,255,256,257,
238,239,240,241,242,243,244,245,246,247,248,249,250,251,252,253,254,255,256,257,258,259,
238,239,240,241,242,243,244,245,246,247,248,249,250,251,252,253,254,255,256,257,258,259,
240,241,242,243,244,245,246,247,248,249,250,251,252,253,254,255,256,257,258,259,260,261,
240,241,242,243,244,245,246,247,248,249,250,251,252,253,254,255,256,257,258,259,260,261,
242,243,244,245,246,247,248,249,250,251,252,253,254,255,256,257,258,259,260,261,262,263,
242,243,244,245,246,247,248,249,250,251,252,253,254,255,256,257,258,259,260,261,262,263,
244,245,246,247,248,249,250,251,252,253,254,255,256,257,258,259,260,261,262,263,264,265,
244,245,246,247,248,249,250,251,252,253,254,255,256,257,258,259,260,261,262,263,264,265,
246,247,248,249,250,251,252,253,254,255,256,257,258,259,260,261,262,263,264,265,266,267,
246,247,248,249,250,251,252,253,254,255,256,257,258,259,260,261,262,263,264,265,266,267,
248,249,250,251,252,253,254,255,256,257,258,259,260,261,262,263,264,265,266,267,268,269,
248,249,250,251,252,253,254,255,256,257,258,259,260,261,262,263,264,265,266,267,268,269,
250,251,252,253,254,255,256,257,258,259,260,261,262,263,264,265,266,267,268,269,270,271,
250,251,252,253,254,255,256,257,258,259,260,261,262,263,264,265,266,267,268,269,270,271,
252,253,254,255,256,257,258,259,260,261,262,263,264,265,266,267,268,269,270,271,272,273,
252,253,254,255,256,257,258,259,260,261,262,263,264,265,266,267,268,269,270,271,272,273,
254,255,256,257,258,259,260,261,262,263,264,265,266,267,268,269,270,271,272,273,274,275,
254,255,256,257,258,259,260,261,262,263,264,265,266,267,268,269,270,271,272,273,274,275,
256,257,258,259,260,261,262,263,264,265,266,267,268,269,270,271,272,273,274,275,276,277,
256,257,258,259,260,261,262,263,264,265,266,267,268,269,270,271,272,273,274,275,276,277,
258,259,260,261,262,263,264,265,266,267,268,269,270,271,272,273,274,275,276,277,278,279,
258,259,260,261,262,263,264,265,266,267,268,269,270,271,272,273,274,275,276,277,278,279,
260,261,262,263,264,265,266,267,268,269,270,271,272,273,274,275,276,277,278,279,280,281,
260,261,262,263,264,265,266,267,268,269,270,271,272,273,274,275,276,277,278,279,280,281,
262,263,264,265,266,267,268,269,270,271,272,273,274,275,276,277,278,279,280,281,282,283,
262,263,264,265,266,267,268,269,270,271,272,273,274,275,276,277,278,279,280,281,282,283,
264,265,266,267,268,269,270,271,272,273,274,275,276,277,278,279,280,281,282,283,284,285,
264,265,266,267,268,269,270,271,272,273,274,275,276,277,278,279,280,281,282,283,284,285,
266,267,268,269,270,271,272,273,274,275,276,277,278,279,280,281,282,283,284,285,286,287,
266,267,268,269,270,271,272,273,274,275,276,277,278,279,280,281,282,283,284,285,286,287,
268,269,270,271,272,273,274,275,276,277,278,279,280,281,282,283,284,285,286,287,288,289,
268,269,270,271,272,273,274,275,276,277,278,279,280,281,282,283,284,285,286,287,288,289,
270,271,272,273,274,275,276,277,278,279,280,281,282,283,284,285,286,287,288,289,290,291,
270,271,272,273,274,275,276,277,278,279,280,281,282,283,284,285,286,287,288,289,290,291,
272,273,274,275,276,277,278,279,280,281,282,283,284,285,286,287,288,289,290,291,292,293,
272,273,274,275,276,277,278,279,280,281,282,283,284,285,286,287,288,289,290,291,292,293,
274,275,276,277,278,279,280,281,282,283,284,285,286,287,288,289,290,291,292,293,294,295,
274,275,276,277,278,279,280,281,282,283,284,285,286,287,288,289,290,291,292,293,294,295,
276,277,278,279,280,281,282,283,284,285,286,287,288,289,290,291,292,293,294,295,296,297,
276,277,278,279,280,281,282,283,284,285,286,287,288,289,290,291,292,293,294,295,296,297,
278,279,280,281,282,283,284,285,286,287,288,289,290,291,292,293,294,295,296,297,298,299,
278,279,280,281,282,283,284,285,286,287,288,289,290,291,292,293,294,295,296,297,298,299,
280,281,282,283,284,285,286,287,288,289,290,291,292,293,294,295,296,297,298,299,300,301,
280,281,282,283,284,285,286,287,288,289,290,291,292,293,294,295,296,297,298,299,300,301,
282,283,284,285,286,287,288,289,290,291,292,293,294,295,296,297,298,299,300,301,302,303,
282,283,284,285,286,287,288,289,290,291,292,293,294,295,296,297,298,299,300,301,302,303,
284,285,286,287,288,289,290,291,292,293,294,295,296,297,298,299,300,301,302,303,304,305,
284,285,286,287,288,289,290,291,292,293,294,295,296,297,298,299,300,301,302,303,304,305,
286,287,288,289,290,291,292,293,294,295,296,297,298,299,300,301,302,303,304,305,306,307,
286,287,288,289,290,291,292,293,294,295,296,297,298,299,300,301,302,303,304,305,306,307,
288,289,290,291,292,293,294,295,296,297,298,299,300,301,302,303,304,305,306,307,308,309,
288,289,290,291,292,293,294,295,296,297,298,299,300,301,302,303,304,305,306,307,308,309,
290,291,292,293,294,295,296,297,298,299,300,301,302,303,304,305,306,307,308,309,310,311,
290,291,292,293,294,295,296,297,298,299,300,301,302,303,304,305,306,307,308,309,310,311,
292,293,294,295,296,297,298,299,300,301,302,303,304,305,306,307,308,309,310,311,312,313,
292,293,294,295,296,297,298,299,300,301,302,303,304,305,306,307,308,309,310,311,312,313,
294,295,296,297,298,299,300,301,302,303,304,305,306,307,308,309,310,311,312,313,314,315,
294,295,296,297,298,299,300,301,302,303,304,305,306,307,308,309,310,311,312,313,314,315,
296,297,298,299,300,301,302,303,304,305,306,307,308,309,310,311,312,313,314,315,316,317,
296,297,298,299,300,301,302,303,304,305,306,307,308,309,310,311,312,313,314,315,316,317,
298,299,300,301,302,303,304,305,306,307,308,309,310,311,312,313,314,315,316,317,318,319,
298,299,300,301,302,303,304,305,306,307,308,309,310,311,312,313,314,315,316,317,318,319,
300,301,302,303,304,305,306,307,308,309,310,311,312,313,314,315,316,317,318,319,320,321,
300,301,302,303,304,305,306,307,308,309,310,311,312,313,314,315,316,317,318,319,320,321,
302,303,304,305,306,307,308,309,310,311,312,313,314,315,316,317,318,319,320,321,322,323,
302,303,304,305,306,307,308,309,310,311,312,313,314,315,316,317,318,319,320,321,322,323,
304,305,306,307,308,309,310,311,312,313,314,315,316,317,318,319,320,321,322,323,324,325,
304,305,306,307,308,309,310,311,312,313,314,315,316,317,318,319,320,321,322,323,324,325,
306,307,308,309,310,311,312,313,314,315,316,317,318,319,320,321,322,323,324,325,326,327,
306,307,308,309,310,311,312,313,314,315,316,317,318,319,320,321,322,323,324,325,326,327,
308,309,310,311,312,313,314,315,316,317,318,319,320,321,322,323,324,325,326,327,328,329,
308,309,310,311,312,313,314,315,316,317,318,319,320,321,322,323,324,325,326,327,328,329,
310,311,312,313,314,315,316,317,318,319,320,321,322,323,324,325,326,327,328,329,330,331,
310,311,312,313,314,315,316,317,318,319,320,321,322,323,324,325,326,327,328,329,330,331,
312,313,314,315,316,317,318,319,320,321,322,323,324,325,326,327,328,329,330,331,332,333,
312,313,314,315,316,317,318,319,320,321,322,323,324,325,326,327,328,329,330,331,332,333,
314,315,316,317,318,319,320,321,322,323,324,325,326,327,328,329,330,331,332,333,334,335,
314,315,316,317,318,319,320,321,322,323,324,325,326,327,328,329,330,331,332,333,334,335,
316,317,318,319,320,321,322,323,324,325,326,327,328,329,330,331,332,333,334,335,336,337,
316,317,318,319,320,321,322,323,324,325,326,327,328,329,330,331,332,333,334,335,336,337,
318,319,320,321,322,323,324,325,326,327,328,329,330,331,332,333,334,335,336,337,338,339,
318,319,320,321,322,323,324,325,326,327,328,329,330,331,332,333,334,335,336,337,338,339,
320,321,322,323,324,325,326,327,328,329,330,331,332,333,334,335,336,337,338,339,340,341,
320,321,322,323,324,325,326,327,328,329,330,331,332,333,334,335,336,337,338,339,340,341,
322,323,324,325,326,327,328,329,330,331,332,333,334,335,336,337,338,339,340,341,342,343,
322,323,324,325,326,327,328,329,330,331,332,333,334,335,336,337,338,339,340,341,342,343,
324,325,326,327,328,329,330,331,332,333,334,335,336,337,338,339,340,341,342,343,344,345,
324,325,326,327,328,329,330,331,332,333,334,335,336,337,338,339,340,341,342,343,344,345,
326,327,328,329,330,331,332,333,334,335,336,337,338,339,340,341,342,343,344,345,346,347,
326,327,328,329,330,331,332,333,334,335,336,337,338,339,340,341,342,343,344,345,346,347,
328,329,330,331,332,333,334,335,336,337,338,339,340,341,342,343,344,345,346,347,348,349,
328,329,330,331,332,333,334,335,336,337,338,339,340,341,342,343,344,345,346,347,348,349,
330,331,332,333,334,335,336,337,338,339,340,341,342,343,344,345,346,347,348,349,350,351,
330,331,332,333,334,335,336,337,338,339,340,341,342,343,344,345,346,347,348,349,350,351,
332,333,334,335,336,337,338,339,340,341,342,343,344,345,346,347,348,349,350,351,352,353,
332,333,334,335,336,337,338,339,340,341,342,343,344,345,346,347,348,349,350,351,352,353,
334,335,336,337,338,339,340,341,342,343,344,345,346,347,348,349,350,351,352,353,354,355,
334,335,336,337,338,339,340,341,342,343,344,345,346,347,348,349,350,351,352,353,354,355,
336,337,338,339,340,341,342,343,344,345,346,347,348,349,350,351,352,353,354,355,356,357,
336,337,338,339,340,341,342,343,344,345,346,347,348,349,350,351,352,353,354,355,356,357,
338,339,340,341,342,343,344,345,346,347,348,349,350,351,352,353,354,355,356,357,358,359,
338,339,340,341,342,343,344,345,346,347,348,349,350,351,352,353,354,355,356,357,358,359,
340,341,342,343,344,345,346,347,348,349,350,351,352,353,354,355,356,357,358,359,360,361,
340,341,342,343,344,345,346,347,348,349,350,351,352,353,354,355,356,357,358,359,360,361,
342,343,344,345,346,347,348,349,350,351,352,353,354,355,356,357,358,359,360,361,362,363,
342,343,344,345,346,347,348,349,350,351,352,353,354,355,356,357,358,359,360,361,362,363,
344,345,346,347,348,349,350,351,352,353,354,355,356,357,358,359,360,361,362,363,364,365,
344,345,346,347,348,349,350,351,352,353,354,355,356,357,358,359,360,361,362,363,364,365,
346,347,348,349,350,351,352,353,354,355,356,357,358,359,360,361,362,363,364,365,366,367,
346,347,348,349,350,351,352,353,354,355,356,357,358,359,360,361,362,363,364,365,366,367,
348,349,350,351,352,353,354,355,356,357,358,359,360,361,362,363,364,365,366,367,368,369,
348,349,350,351,352,353,354,355,356,357,358,359,360,361,362,363,364,365,366,367,368,369,
350,351,352,353,354,355,356,357,358,359,360,361,362,363,364,365,366,367,368,369,370,371,
350,351,352,353,354,355,356,357,358,359,360,361,362,363,364,365,366,367,368,369,370,371,
352,353,354,355,356,357,358,359,360,361,362,363,364,365,366,367,368,369,370,371,372,373,
352,353,354,355,356,357,358,359,360,361,362,363,364,365,366,367,368,369,370,371,372,373,
354,355,356,357,358,359,360,361,362,363,364,365,366,367,368,369,370,371,372,373,374,375,
354,355,356,357,358,359,360,361,362,363,364,365,366,367,368,369,370,371,372,373,374,375,
356,357,358,359,360,361,362,363,364,365,366,367,368,369,370,371,372,373,374,375,376,377,
356,357,358,359,360,361,362,363,364,365,366,367,368,369,370,371,372,373,374,375,376,377,
358,359,360,361,362,363,364,365,366,367,368,369,370,371,372,373,374,375,376,377,378,379,
358,359,360,361,362,363,364,365,366,367,368,369,370,371,372,373,374,375,376,377,378,379,
360,361,362,363,364,365,366,367,368,369,370,371,372,373,374,375,376,377,378,379,380,381,
360,361,362,363,364,365,366,367,368,369,370,371,372,373,374,375,376,377,378,379,380,381,
362,363,364,365,366,367,368,369,370,371,372,373,374,375,376,377,378,379,380,381,382,383,
362,363,364,365,366,367,368,369,370,371,372,373,374,375,376,377,378,379,380,381,382,383,
364,365,366,367,368,369,370,371,372,373,374,375,376,377,378,379,380,381,382,383,
364,365,366,367,368,369,370,371,372,373,374,375,376,377,378,379,380,381,382,383,
366,367,368,369,370,371,372,373,374,375,376,377,378,379,380,381,382,383,
366,367,368,369,370,371,372,373,374,375,376,377,378,379,380,381,382,383,
368,369,370,371,372,373,374,375,376,377,378,379,380,381,382,383,
368,369,370,371,372,373,374,375,376,377,378,379,380,381,382,383,
370,371,372,373,374,375,376,377,378,379,380,381,382,383,
370,371,372,373,374,375,376,377,378,379,380,381,382,383,
372,373,374,375,376,377,378,379,380,381,382,383,
372,373,374,375,376,377,378,379,380,381,382,383,
384,
