59,179,
0,233,
74,242,
59,17,
29,35,
59,143,
44,242,
14,296,
74,44,
0,107,
29,143,
0,17,
59,53,
44,80,
74,170,
44,206,
0,197,
14,278,
44,296,
14,44,
59,89,
0,215,
74,278,
14,26,
44,44,
44,98,
74,152,
29,0,
74,26,
0,53,
44,134,
44,62,
59,287,
59,215,
59,251,
29,71,
44,260,
44,188,
14,134,
14,62,
29,287,
29,215,
29,179,
14,260,
14,188,
14,152,
14,116,
74,98,
59,269,
74,188,
0,89,
0,35,
44,278,
44,224,
74,206,
44,116,
29,17,
0,287,
74,260,
59,197,
0,161,
0,143,
74,62,
59,0,
0,0,
14,242,
44,170,
74,116,
0,71,
74,8,
29,251,
0,179,
74,134,
59,71,
29,53,
29,269,
74,296,
29,197,
59,161,
14,170,
14,206,
14,224,
0,125,
29,161,
29,233,
14,8,
14,80,
14,98,
29,89,
29,107,
29,125,
59,233,
44,8,
44,26,
44,152,
74,224,
59,35,
59,107,
59,125,
0,251,
0,269,
74,80,
