0,975,
0,875,
0,775,
0,675,
0,575,
0,475,
0,375,
0,275,
0,175,
0,75,
0,0,
16,50,
20,100,
20,150,
20,200,
20,250,
20,300,
20,1050,
20,1000,
20,950,
20,900,
20,850,
20,800,
20,750,
20,700,
20,650,
20,600,
20,550,
20,500,
20,450,
20,400,
20,350,
-20,300,
-20,350,
-20,400,
-20,450,
-20,500,
-20,550,
-20,600,
-20,650,
-20,700,
-20,750,
-20,800,
-20,850,
-20,900,
-20,950,
-20,1000,
-20,1050,
-20,250,
-20,200,
-20,150,
-20,100,
-16,50,
0,25,
0,125,
0,225,
0,325,
0,425,
0,525,
0,625,
0,725,
0,825,
0,925,
0,1025,
200,1025,
200,925,
200,825,
200,725,
200,625,
200,525,
200,425,
200,325,
200,225,
200,125,
200,25,
184,50,
180,100,
180,150,
180,200,
180,250,
180,1050,
180,1000,
180,950,
180,900,
180,850,
180,800,
180,750,
180,700,
180,650,
180,600,
180,550,
180,500,
180,450,
180,400,
180,350,
180,300,
220,350,
220,400,
220,450,
220,500,
220,550,
220,600,
220,650,
220,700,
220,750,
220,800,
220,850,
220,900,
220,950,
220,1000,
220,1050,
220,300,
220,250,
220,200,
220,150,
220,100,
216,50,
200,0,
200,75,
200,175,
200,275,
200,375,
200,475,
200,575,
200,675,
200,775,
200,875,
200,975,
400,1025,
400,925,
400,825,
400,725,
400,625,
400,525,
400,425,
400,325,
400,225,
400,125,
400,25,
384,50,
380,100,
380,150,
380,200,
380,250,
380,1050,
380,1000,
380,950,
380,900,
380,850,
380,800,
380,750,
380,700,
380,650,
380,600,
380,550,
380,500,
380,450,
380,400,
380,350,
380,300,
420,350,
420,400,
420,450,
420,500,
420,550,
420,600,
420,650,
420,700,
420,750,
420,800,
420,850,
420,900,
420,950,
420,1000,
420,1050,
420,300,
420,250,
420,200,
420,150,
420,100,
416,50,
400,0,
400,75,
400,175,
400,275,
400,375,
400,475,
400,575,
400,675,
400,775,
400,875,
400,975,
600,975,
600,875,
600,775,
600,675,
600,575,
600,475,
600,375,
600,275,
600,175,
600,75,
600,0,
616,50,
620,100,
620,150,
620,200,
620,250,
620,300,
620,1050,
620,1000,
620,950,
620,900,
620,850,
620,800,
620,750,
620,700,
620,650,
620,600,
620,550,
620,500,
620,450,
620,400,
620,350,
580,300,
580,350,
580,400,
580,450,
580,500,
580,550,
580,600,
580,650,
580,700,
580,750,
580,800,
580,850,
580,900,
580,950,
580,1000,
580,1050,
580,250,
580,200,
580,150,
580,100,
584,50,
600,25,
600,125,
600,225,
600,325,
600,425,
600,525,
600,625,
600,725,
600,825,
600,925,
600,1025,
