0,0,
0,28,
0,56,
0,84,
0,112,
0,140,
0,168,
0,196,
0,224,
0,252,
0,280,
28,0,
28,28,
28,56,
28,84,
28,112,
28,140,
28,168,
28,196,
28,224,
28,252,
28,280,
56,0,
56,28,
56,56,
56,84,
56,112,
56,140,
56,168,
56,196,
56,224,
56,252,
0,308,
0,336,
0,364,
0,392,
0,420,
0,448,
0,476,
0,504,
0,532,
0,560,
0,588,
28,308,
28,336,
28,364,
28,392,
28,420,
28,448,
28,476,
28,504,
28,532,
28,560,
28,588,
56,308,
56,336,
56,364,
56,392,
56,420,
56,448,
56,476,
56,504,
56,532,
56,560,
0,616,
0,644,
0,672,
0,700,
0,728,
0,756,
0,784,
0,812,
0,840,
0,868,
0,896,
28,616,
28,644,
28,672,
28,700,
28,728,
28,756,
28,784,
28,812,
28,840,
28,868,
28,896,
56,616,
56,644,
56,672,
56,700,
56,728,
56,756,
56,784,
56,812,
56,840,
56,868,
0,924,
0,952,
0,980,
0,1008,
0,1036,
0,1064,
0,1092,
0,1120,
0,1148,
0,1176,
0,1204,
28,924,
28,952,
28,980,
28,1008,
28,1036,
28,1064,
28,1092,
28,1120,
28,1148,
28,1176,
28,1204,
56,924,
56,952,
56,980,
56,1008,
56,1036,
56,1064,
56,1092,
56,1120,
56,1148,
56,1176,
0,1232,
0,1260,
0,1288,
0,1316,
0,1344,
0,1372,
0,1400,
0,1428,
0,1456,
0,1484,
0,1512,
28,1232,
28,1260,
28,1288,
28,1316,
28,1344,
28,1372,
28,1400,
28,1428,
28,1456,
28,1484,
28,1512,
56,1232,
56,1260,
56,1288,
56,1316,
56,1344,
56,1372,
56,1400,
56,1428,
56,1456,
56,1484,
0,1540,
0,1568,
0,1596,
0,1624,
0,1652,
0,1680,
0,1708,
0,1736,
0,1764,
0,1792,
0,1820,
28,1540,
28,1568,
28,1596,
28,1624,
28,1652,
28,1680,
28,1708,
28,1736,
28,1764,
28,1792,
28,1820,
56,1540,
56,1568,
56,1596,
56,1624,
56,1652,
56,1680,
56,1708,
56,1736,
56,1764,
56,1792,
0,1848,
0,1876,
0,1904,
0,1932,
0,1960,
0,1988,
0,2016,
0,2044,
0,2072,
0,2100,
0,2128,
28,1848,
28,1876,
28,1904,
28,1932,
28,1960,
28,1988,
28,2016,
28,2044,
28,2072,
28,2100,
28,2128,
56,1848,
56,1876,
56,1904,
56,1932,
56,1960,
56,1988,
56,2016,
56,2044,
56,2072,
56,2100,
0,2156,
0,2184,
0,2212,
0,2240,
0,2268,
0,2296,
0,2324,
0,2352,
0,2380,
0,2408,
0,2436,
28,2156,
28,2184,
28,2212,
28,2240,
28,2268,
28,2296,
28,2324,
28,2352,
28,2380,
28,2408,
28,2436,
56,2156,
56,2184,
56,2212,
56,2240,
56,2268,
56,2296,
56,2324,
56,2352,
56,2380,
56,2408,
0,2464,
0,2492,
0,2520,
0,2548,
0,2576,
0,2604,
0,2632,
0,2660,
0,2688,
0,2716,
0,2744,
28,2464,
28,2492,
28,2520,
28,2548,
28,2576,
28,2604,
28,2632,
28,2660,
28,2688,
28,2716,
28,2744,
56,2464,
56,2492,
56,2520,
56,2548,
56,2576,
56,2604,
56,2632,
56,2660,
56,2688,
56,2716,
0,2772,
0,2800,
0,2828,
0,2856,
0,2884,
0,2912,
0,2940,
0,2968,
0,2996,
0,3024,
0,3052,
28,2772,
28,2800,
28,2828,
28,2856,
28,2884,
28,2912,
28,2940,
28,2968,
28,2996,
28,3024,
28,3052,
56,2772,
56,2800,
56,2828,
56,2856,
56,2884,
56,2912,
56,2940,
56,2968,
56,2996,
56,3024,
0,3080,
0,3108,
0,3136,
0,3164,
0,3192,
0,3220,
0,3248,
0,3276,
0,3304,
0,3332,
0,3360,
28,3080,
28,3108,
28,3136,
28,3164,
28,3192,
28,3220,
28,3248,
28,3276,
28,3304,
28,3332,
28,3360,
56,3080,
56,3108,
56,3136,
56,3164,
56,3192,
56,3220,
56,3248,
56,3276,
56,3304,
56,3332,
0,3388,
0,3416,
0,3444,
0,3472,
0,3500,
0,3528,
0,3556,
0,3584,
0,3612,
0,3640,
0,3668,
28,3388,
28,3416,
28,3444,
28,3472,
28,3500,
28,3528,
28,3556,
28,3584,
28,3612,
28,3640,
28,3668,
56,3388,
56,3416,
56,3444,
56,3472,
56,3500,
56,3528,
56,3556,
56,3584,
56,3612,
56,3640,
0,3696,
0,3724,
0,3752,
0,3780,
0,3808,
0,3836,
0,3864,
0,3892,
0,3920,
0,3948,
0,3976,
28,3696,
28,3724,
28,3752,
28,3780,
28,3808,
28,3836,
28,3864,
28,3892,
28,3920,
28,3948,
28,3976,
56,3696,
56,3724,
56,3752,
56,3780,
56,3808,
56,3836,
56,3864,
56,3892,
56,3920,
56,3948,
0,4004,
0,4032,
0,4060,
0,4088,
0,4116,
0,4144,
0,4172,
0,4200,
0,4228,
0,4256,
0,4284,
28,4004,
28,4032,
28,4060,
28,4088,
28,4116,
28,4144,
28,4172,
28,4200,
28,4228,
28,4256,
28,4284,
56,4004,
56,4032,
56,4060,
56,4088,
56,4116,
56,4144,
56,4172,
56,4200,
56,4228,
56,4256,
0,4312,
0,4340,
0,4368,
0,4396,
0,4424,
0,4452,
0,4480,
0,4508,
0,4536,
0,4564,
0,4592,
28,4312,
28,4340,
28,4368,
28,4396,
28,4424,
28,4452,
28,4480,
28,4508,
28,4536,
28,4564,
28,4592,
56,4312,
56,4340,
56,4368,
56,4396,
56,4424,
56,4452,
56,4480,
56,4508,
56,4536,
56,4564,
0,4620,
0,4648,
0,4676,
0,4704,
0,4732,
0,4760,
0,4788,
0,4816,
0,4844,
0,4872,
0,4900,
28,4620,
28,4648,
28,4676,
28,4704,
28,4732,
28,4760,
28,4788,
28,4816,
28,4844,
28,4872,
28,4900,
56,4620,
56,4648,
56,4676,
56,4704,
56,4732,
56,4760,
56,4788,
56,4816,
56,4844,
56,4872,
