0,1,2,3,4,5,6,7,
0,1,2,3,4,5,6,7,
0,1,2,3,4,5,6,7,8,9,
0,1,2,3,4,5,6,7,8,9,
0,1,2,3,4,5,6,7,8,9,10,11,
0,1,2,3,4,5,6,7,8,9,10,11,
0,1,2,3,4,5,6,7,8,9,10,11,12,13,
0,1,2,3,4,5,6,7,8,9,10,11,12,13,
2,3,4,5,6,7,8,9,10,11,12,13,14,15,
2,3,4,5,6,7,8,9,10,11,12,13,14,15,
4,5,6,7,8,9,10,11,12,13,14,15,16,17,
4,5,6,7,8,9,10,11,12,13,14,15,16,17,
6,7,8,9,10,11,12,13,14,15,16,17,18,19,
6,7,8,9,10,11,12,13,14,15,16,17,18,19,
8,9,10,11,12,13,14,15,16,17,18,19,20,21,
8,9,10,11,12,13,14,15,16,17,18,19,20,21,
10,11,12,13,14,15,16,17,18,19,20,21,22,23,
10,11,12,13,14,15,16,17,18,19,20,21,22,23,
12,13,14,15,16,17,18,19,20,21,22,23,24,25,
12,13,14,15,16,17,18,19,20,21,22,23,24,25,
14,15,16,17,18,19,20,21,22,23,24,25,26,27,
14,15,16,17,18,19,20,21,22,23,24,25,26,27,
16,17,18,19,20,21,22,23,24,25,26,27,28,29,
16,17,18,19,20,21,22,23,24,25,26,27,28,29,
18,19,20,21,22,23,24,25,26,27,28,29,30,31,
18,19,20,21,22,23,24,25,26,27,28,29,30,31,
20,21,22,23,24,25,26,27,28,29,30,31,32,33,
20,21,22,23,24,25,26,27,28,29,30,31,32,33,
22,23,24,25,26,27,28,29,30,31,32,33,34,35,
22,23,24,25,26,27,28,29,30,31,32,33,34,35,
24,25,26,27,28,29,30,31,32,33,34,35,36,
24,25,26,27,28,29,30,31,32,33,34,35,36,
26,27,28,29,30,31,32,33,34,35,36,37,38,
26,27,28,29,30,31,32,33,34,35,36,37,38,
28,29,30,31,32,33,34,35,36,37,38,39,40,
28,29,30,31,32,33,34,35,36,37,38,39,40,
30,31,32,33,34,35,36,37,38,39,40,41,42,
32,33,34,35,36,37,38,39,40,41,42,43,44,
32,33,34,35,36,37,38,39,40,41,42,43,44,
34,35,36,37,38,39,40,41,42,43,44,45,46,
34,35,36,37,38,39,40,41,42,43,44,45,46,
36,37,38,39,40,41,42,43,44,45,46,47,48,
36,37,38,39,40,41,42,43,44,45,46,47,48,
37,38,39,40,41,42,43,44,45,46,47,48,49,50,
37,38,39,40,41,42,43,44,45,46,47,48,49,50,
39,40,41,42,43,44,45,46,47,48,49,50,51,52,
39,40,41,42,43,44,45,46,47,48,49,50,51,52,
41,42,43,44,45,46,47,48,49,50,51,52,53,54,
41,42,43,44,45,46,47,48,49,50,51,52,53,54,
43,44,45,46,47,48,49,50,51,52,53,54,55,56,
43,44,45,46,47,48,49,50,51,52,53,54,55,56,
45,46,47,48,49,50,51,52,53,54,55,56,57,58,
45,46,47,48,49,50,51,52,53,54,55,56,57,58,
47,48,49,50,51,52,53,54,55,56,57,58,59,60,
47,48,49,50,51,52,53,54,55,56,57,58,59,60,
49,50,51,52,53,54,55,56,57,58,59,60,61,62,
49,50,51,52,53,54,55,56,57,58,59,60,61,62,
51,52,53,54,55,56,57,58,59,60,61,62,63,64,
51,52,53,54,55,56,57,58,59,60,61,62,63,64,
53,54,55,56,57,58,59,60,61,62,63,64,65,66,
53,54,55,56,57,58,59,60,61,62,63,64,65,66,
55,56,57,58,59,60,61,62,63,64,65,66,67,68,
55,56,57,58,59,60,61,62,63,64,65,66,67,68,
57,58,59,60,61,62,63,64,65,66,67,68,69,70,
57,58,59,60,61,62,63,64,65,66,67,68,69,70,
59,60,61,62,63,64,65,66,67,68,69,70,71,72,
59,60,61,62,63,64,65,66,67,68,69,70,71,72,
61,62,63,64,65,66,67,68,69,70,71,72,73,
61,62,63,64,65,66,67,68,69,70,71,72,73,
63,64,65,66,67,68,69,70,71,72,73,74,75,
63,64,65,66,67,68,69,70,71,72,73,74,75,
65,66,67,68,69,70,71,72,73,74,75,76,77,
65,66,67,68,69,70,71,72,73,74,75,76,77,
67,68,69,70,71,72,73,74,75,76,77,78,79,
69,70,71,72,73,74,75,76,77,78,79,80,81,
69,70,71,72,73,74,75,76,77,78,79,80,81,
71,72,73,74,75,76,77,78,79,80,81,82,83,
71,72,73,74,75,76,77,78,79,80,81,82,83,
73,74,75,76,77,78,79,80,81,82,83,84,85,
73,74,75,76,77,78,79,80,81,82,83,84,85,
74,75,76,77,78,79,80,81,82,83,84,85,86,87,
74,75,76,77,78,79,80,81,82,83,84,85,86,87,
76,77,78,79,80,81,82,83,84,85,86,87,88,89,
76,77,78,79,80,81,82,83,84,85,86,87,88,89,
78,79,80,81,82,83,84,85,86,87,88,89,90,91,
78,79,80,81,82,83,84,85,86,87,88,89,90,91,
80,81,82,83,84,85,86,87,88,89,90,91,92,93,
80,81,82,83,84,85,86,87,88,89,90,91,92,93,
82,83,84,85,86,87,88,89,90,91,92,93,94,95,
82,83,84,85,86,87,88,89,90,91,92,93,94,95,
84,85,86,87,88,89,90,91,92,93,94,95,96,97,
84,85,86,87,88,89,90,91,92,93,94,95,96,97,
86,87,88,89,90,91,92,93,94,95,96,97,98,99,
86,87,88,89,90,91,92,93,94,95,96,97,98,99,
88,89,90,91,92,93,94,95,96,97,98,99,100,101,
88,89,90,91,92,93,94,95,96,97,98,99,100,101,
90,91,92,93,94,95,96,97,98,99,100,101,102,103,
90,91,92,93,94,95,96,97,98,99,100,101,102,103,
92,93,94,95,96,97,98,99,100,101,102,103,104,105,
92,93,94,95,96,97,98,99,100,101,102,103,104,105,
94,95,96,97,98,99,100,101,102,103,104,105,106,107,
94,95,96,97,98,99,100,101,102,103,104,105,106,107,
96,97,98,99,100,101,102,103,104,105,106,107,108,109,
96,97,98,99,100,101,102,103,104,105,106,107,108,109,
98,99,100,101,102,103,104,105,106,107,108,109,110,
98,99,100,101,102,103,104,105,106,107,108,109,110,
100,101,102,103,104,105,106,107,108,109,110,111,112,
100,101,102,103,104,105,106,107,108,109,110,111,112,
102,103,104,105,106,107,108,109,110,111,112,113,114,
102,103,104,105,106,107,108,109,110,111,112,113,114,
104,105,106,107,108,109,110,111,112,113,114,115,116,
106,107,108,109,110,111,112,113,114,115,116,117,118,
106,107,108,109,110,111,112,113,114,115,116,117,118,
108,109,110,111,112,113,114,115,116,117,118,119,120,
108,109,110,111,112,113,114,115,116,117,118,119,120,
110,111,112,113,114,115,116,117,118,119,120,121,122,
110,111,112,113,114,115,116,117,118,119,120,121,122,
111,112,113,114,115,116,117,118,119,120,121,122,123,124,
111,112,113,114,115,116,117,118,119,120,121,122,123,124,
113,114,115,116,117,118,119,120,121,122,123,124,125,126,
113,114,115,116,117,118,119,120,121,122,123,124,125,126,
115,116,117,118,119,120,121,122,123,124,125,126,127,128,
115,116,117,118,119,120,121,122,123,124,125,126,127,128,
117,118,119,120,121,122,123,124,125,126,127,128,129,130,
117,118,119,120,121,122,123,124,125,126,127,128,129,130,
119,120,121,122,123,124,125,126,127,128,129,130,131,132,
119,120,121,122,123,124,125,126,127,128,129,130,131,132,
121,122,123,124,125,126,127,128,129,130,131,132,133,134,
121,122,123,124,125,126,127,128,129,130,131,132,133,134,
123,124,125,126,127,128,129,130,131,132,133,134,135,136,
123,124,125,126,127,128,129,130,131,132,133,134,135,136,
125,126,127,128,129,130,131,132,133,134,135,136,137,138,
125,126,127,128,129,130,131,132,133,134,135,136,137,138,
127,128,129,130,131,132,133,134,135,136,137,138,139,140,
127,128,129,130,131,132,133,134,135,136,137,138,139,140,
129,130,131,132,133,134,135,136,137,138,139,140,141,142,
129,130,131,132,133,134,135,136,137,138,139,140,141,142,
131,132,133,134,135,136,137,138,139,140,141,142,143,144,
131,132,133,134,135,136,137,138,139,140,141,142,143,144,
133,134,135,136,137,138,139,140,141,142,143,144,145,146,
133,134,135,136,137,138,139,140,141,142,143,144,145,146,
135,136,137,138,139,140,141,142,143,144,145,146,147,
135,136,137,138,139,140,141,142,143,144,145,146,147,
137,138,139,140,141,142,143,144,145,146,147,148,149,
137,138,139,140,141,142,143,144,145,146,147,148,149,
139,140,141,142,143,144,145,146,147,148,149,150,151,
139,140,141,142,143,144,145,146,147,148,149,150,151,
141,142,143,144,145,146,147,148,149,150,151,152,153,
143,144,145,146,147,148,149,150,151,152,153,154,155,
143,144,145,146,147,148,149,150,151,152,153,154,155,
145,146,147,148,149,150,151,152,153,154,155,156,157,
145,146,147,148,149,150,151,152,153,154,155,156,157,
147,148,149,150,151,152,153,154,155,156,157,158,159,
147,148,149,150,151,152,153,154,155,156,157,158,159,
148,149,150,151,152,153,154,155,156,157,158,159,160,161,
148,149,150,151,152,153,154,155,156,157,158,159,160,161,
150,151,152,153,154,155,156,157,158,159,160,161,162,163,
150,151,152,153,154,155,156,157,158,159,160,161,162,163,
152,153,154,155,156,157,158,159,160,161,162,163,164,165,
152,153,154,155,156,157,158,159,160,161,162,163,164,165,
154,155,156,157,158,159,160,161,162,163,164,165,166,167,
154,155,156,157,158,159,160,161,162,163,164,165,166,167,
156,157,158,159,160,161,162,163,164,165,166,167,168,169,
156,157,158,159,160,161,162,163,164,165,166,167,168,169,
158,159,160,161,162,163,164,165,166,167,168,169,170,171,
158,159,160,161,162,163,164,165,166,167,168,169,170,171,
160,161,162,163,164,165,166,167,168,169,170,171,172,173,
160,161,162,163,164,165,166,167,168,169,170,171,172,173,
162,163,164,165,166,167,168,169,170,171,172,173,174,175,
162,163,164,165,166,167,168,169,170,171,172,173,174,175,
164,165,166,167,168,169,170,171,172,173,174,175,176,177,
164,165,166,167,168,169,170,171,172,173,174,175,176,177,
166,167,168,169,170,171,172,173,174,175,176,177,178,179,
166,167,168,169,170,171,172,173,174,175,176,177,178,179,
168,169,170,171,172,173,174,175,176,177,178,179,180,181,
168,169,170,171,172,173,174,175,176,177,178,179,180,181,
170,171,172,173,174,175,176,177,178,179,180,181,182,183,
170,171,172,173,174,175,176,177,178,179,180,181,182,183,
172,173,174,175,176,177,178,179,180,181,182,183,184,
172,173,174,175,176,177,178,179,180,181,182,183,184,
174,175,176,177,178,179,180,181,182,183,184,185,186,
174,175,176,177,178,179,180,181,182,183,184,185,186,
176,177,178,179,180,181,182,183,184,185,186,187,188,
176,177,178,179,180,181,182,183,184,185,186,187,188,
178,179,180,181,182,183,184,185,186,187,188,189,190,
180,181,182,183,184,185,186,187,188,189,190,191,192,
180,181,182,183,184,185,186,187,188,189,190,191,192,
182,183,184,185,186,187,188,189,190,191,192,193,194,
182,183,184,185,186,187,188,189,190,191,192,193,194,
184,185,186,187,188,189,190,191,192,193,194,195,196,
184,185,186,187,188,189,190,191,192,193,194,195,196,
185,186,187,188,189,190,191,192,193,194,195,196,197,198,
185,186,187,188,189,190,191,192,193,194,195,196,197,198,
187,188,189,190,191,192,193,194,195,196,197,198,199,200,
187,188,189,190,191,192,193,194,195,196,197,198,199,200,
189,190,191,192,193,194,195,196,197,198,199,200,201,202,
189,190,191,192,193,194,195,196,197,198,199,200,201,202,
191,192,193,194,195,196,197,198,199,200,201,202,203,204,
191,192,193,194,195,196,197,198,199,200,201,202,203,204,
193,194,195,196,197,198,199,200,201,202,203,204,205,206,
193,194,195,196,197,198,199,200,201,202,203,204,205,206,
195,196,197,198,199,200,201,202,203,204,205,206,207,208,
195,196,197,198,199,200,201,202,203,204,205,206,207,208,
197,198,199,200,201,202,203,204,205,206,207,208,209,210,
197,198,199,200,201,202,203,204,205,206,207,208,209,210,
199,200,201,202,203,204,205,206,207,208,209,210,211,212,
199,200,201,202,203,204,205,206,207,208,209,210,211,212,
201,202,203,204,205,206,207,208,209,210,211,212,213,214,
201,202,203,204,205,206,207,208,209,210,211,212,213,214,
203,204,205,206,207,208,209,210,211,212,213,214,215,216,
203,204,205,206,207,208,209,210,211,212,213,214,215,216,
205,206,207,208,209,210,211,212,213,214,215,216,217,218,
205,206,207,208,209,210,211,212,213,214,215,216,217,218,
207,208,209,210,211,212,213,214,215,216,217,218,219,220,
207,208,209,210,211,212,213,214,215,216,217,218,219,220,
209,210,211,212,213,214,215,216,217,218,219,220,221,
209,210,211,212,213,214,215,216,217,218,219,220,221,
211,212,213,214,215,216,217,218,219,220,221,222,223,
211,212,213,214,215,216,217,218,219,220,221,222,223,
213,214,215,216,217,218,219,220,221,222,223,224,225,
213,214,215,216,217,218,219,220,221,222,223,224,225,
215,216,217,218,219,220,221,222,223,224,225,226,227,
217,218,219,220,221,222,223,224,225,226,227,228,229,
217,218,219,220,221,222,223,224,225,226,227,228,229,
219,220,221,222,223,224,225,226,227,228,229,230,231,
219,220,221,222,223,224,225,226,227,228,229,230,231,
221,222,223,224,225,226,227,228,229,230,231,232,233,
221,222,223,224,225,226,227,228,229,230,231,232,233,
222,223,224,225,226,227,228,229,230,231,232,233,234,235,
222,223,224,225,226,227,228,229,230,231,232,233,234,235,
224,225,226,227,228,229,230,231,232,233,234,235,236,237,
224,225,226,227,228,229,230,231,232,233,234,235,236,237,
226,227,228,229,230,231,232,233,234,235,236,237,238,239,
226,227,228,229,230,231,232,233,234,235,236,237,238,239,
228,229,230,231,232,233,234,235,236,237,238,239,240,241,
228,229,230,231,232,233,234,235,236,237,238,239,240,241,
230,231,232,233,234,235,236,237,238,239,240,241,242,243,
230,231,232,233,234,235,236,237,238,239,240,241,242,243,
232,233,234,235,236,237,238,239,240,241,242,243,244,245,
232,233,234,235,236,237,238,239,240,241,242,243,244,245,
234,235,236,237,238,239,240,241,242,243,244,245,246,247,
234,235,236,237,238,239,240,241,242,243,244,245,246,247,
236,237,238,239,240,241,242,243,244,245,246,247,248,249,
236,237,238,239,240,241,242,243,244,245,246,247,248,249,
238,239,240,241,242,243,244,245,246,247,248,249,250,251,
238,239,240,241,242,243,244,245,246,247,248,249,250,251,
240,241,242,243,244,245,246,247,248,249,250,251,252,253,
240,241,242,243,244,245,246,247,248,249,250,251,252,253,
242,243,244,245,246,247,248,249,250,251,252,253,254,255,
242,243,244,245,246,247,248,249,250,251,252,253,254,255,
244,245,246,247,248,249,250,251,252,253,254,255,256,257,
244,245,246,247,248,249,250,251,252,253,254,255,256,257,
246,247,248,249,250,251,252,253,254,255,256,257,258,
246,247,248,249,250,251,252,253,254,255,256,257,258,
248,249,250,251,252,253,254,255,256,257,258,259,260,
248,249,250,251,252,253,254,255,256,257,258,259,260,
250,251,252,253,254,255,256,257,258,259,260,261,262,
250,251,252,253,254,255,256,257,258,259,260,261,262,
252,253,254,255,256,257,258,259,260,261,262,263,264,
254,255,256,257,258,259,260,261,262,263,264,265,266,
254,255,256,257,258,259,260,261,262,263,264,265,266,
256,257,258,259,260,261,262,263,264,265,266,267,268,
256,257,258,259,260,261,262,263,264,265,266,267,268,
258,259,260,261,262,263,264,265,266,267,268,269,270,
258,259,260,261,262,263,264,265,266,267,268,269,270,
259,260,261,262,263,264,265,266,267,268,269,270,271,272,
259,260,261,262,263,264,265,266,267,268,269,270,271,272,
261,262,263,264,265,266,267,268,269,270,271,272,273,274,
261,262,263,264,265,266,267,268,269,270,271,272,273,274,
263,264,265,266,267,268,269,270,271,272,273,274,275,276,
263,264,265,266,267,268,269,270,271,272,273,274,275,276,
265,266,267,268,269,270,271,272,273,274,275,276,277,278,
265,266,267,268,269,270,271,272,273,274,275,276,277,278,
267,268,269,270,271,272,273,274,275,276,277,278,279,280,
267,268,269,270,271,272,273,274,275,276,277,278,279,280,
269,270,271,272,273,274,275,276,277,278,279,280,281,282,
269,270,271,272,273,274,275,276,277,278,279,280,281,282,
271,272,273,274,275,276,277,278,279,280,281,282,283,284,
271,272,273,274,275,276,277,278,279,280,281,282,283,284,
273,274,275,276,277,278,279,280,281,282,283,284,285,286,
273,274,275,276,277,278,279,280,281,282,283,284,285,286,
275,276,277,278,279,280,281,282,283,284,285,286,287,288,
275,276,277,278,279,280,281,282,283,284,285,286,287,288,
277,278,279,280,281,282,283,284,285,286,287,288,289,290,
277,278,279,280,281,282,283,284,285,286,287,288,289,290,
279,280,281,282,283,284,285,286,287,288,289,290,291,292,
279,280,281,282,283,284,285,286,287,288,289,290,291,292,
281,282,283,284,285,286,287,288,289,290,291,292,293,294,
281,282,283,284,285,286,287,288,289,290,291,292,293,294,
283,284,285,286,287,288,289,290,291,292,293,294,295,
283,284,285,286,287,288,289,290,291,292,293,294,295,
285,286,287,288,289,290,291,292,293,294,295,296,297,
285,286,287,288,289,290,291,292,293,294,295,296,297,
287,288,289,290,291,292,293,294,295,296,297,298,299,
287,288,289,290,291,292,293,294,295,296,297,298,299,
289,290,291,292,293,294,295,296,297,298,299,300,301,
291,292,293,294,295,296,297,298,299,300,301,302,303,
291,292,293,294,295,296,297,298,299,300,301,302,303,
293,294,295,296,297,298,299,300,301,302,303,304,305,
293,294,295,296,297,298,299,300,301,302,303,304,305,
295,296,297,298,299,300,301,302,303,304,305,306,307,
295,296,297,298,299,300,301,302,303,304,305,306,307,
296,297,298,299,300,301,302,303,304,305,306,307,308,309,
296,297,298,299,300,301,302,303,304,305,306,307,308,309,
298,299,300,301,302,303,304,305,306,307,308,309,310,311,
298,299,300,301,302,303,304,305,306,307,308,309,310,311,
300,301,302,303,304,305,306,307,308,309,310,311,312,313,
300,301,302,303,304,305,306,307,308,309,310,311,312,313,
302,303,304,305,306,307,308,309,310,311,312,313,314,315,
302,303,304,305,306,307,308,309,310,311,312,313,314,315,
304,305,306,307,308,309,310,311,312,313,314,315,316,317,
304,305,306,307,308,309,310,311,312,313,314,315,316,317,
306,307,308,309,310,311,312,313,314,315,316,317,318,319,
306,307,308,309,310,311,312,313,314,315,316,317,318,319,
308,309,310,311,312,313,314,315,316,317,318,319,320,321,
308,309,310,311,312,313,314,315,316,317,318,319,320,321,
310,311,312,313,314,315,316,317,318,319,320,321,322,323,
310,311,312,313,314,315,316,317,318,319,320,321,322,323,
312,313,314,315,316,317,318,319,320,321,322,323,324,325,
312,313,314,315,316,317,318,319,320,321,322,323,324,325,
314,315,316,317,318,319,320,321,322,323,324,325,326,327,
314,315,316,317,318,319,320,321,322,323,324,325,326,327,
316,317,318,319,320,321,322,323,324,325,326,327,328,329,
316,317,318,319,320,321,322,323,324,325,326,327,328,329,
318,319,320,321,322,323,324,325,326,327,328,329,330,331,
318,319,320,321,322,323,324,325,326,327,328,329,330,331,
320,321,322,323,324,325,326,327,328,329,330,331,332,
320,321,322,323,324,325,326,327,328,329,330,331,332,
322,323,324,325,326,327,328,329,330,331,332,333,334,
322,323,324,325,326,327,328,329,330,331,332,333,334,
324,325,326,327,328,329,330,331,332,333,334,335,336,
324,325,326,327,328,329,330,331,332,333,334,335,336,
326,327,328,329,330,331,332,333,334,335,336,337,338,
328,329,330,331,332,333,334,335,336,337,338,339,340,
328,329,330,331,332,333,334,335,336,337,338,339,340,
330,331,332,333,334,335,336,337,338,339,340,341,342,
330,331,332,333,334,335,336,337,338,339,340,341,342,
332,333,334,335,336,337,338,339,340,341,342,343,344,
332,333,334,335,336,337,338,339,340,341,342,343,344,
333,334,335,336,337,338,339,340,341,342,343,344,345,346,
333,334,335,336,337,338,339,340,341,342,343,344,345,346,
335,336,337,338,339,340,341,342,343,344,345,346,347,348,
335,336,337,338,339,340,341,342,343,344,345,346,347,348,
337,338,339,340,341,342,343,344,345,346,347,348,349,350,
337,338,339,340,341,342,343,344,345,346,347,348,349,350,
339,340,341,342,343,344,345,346,347,348,349,350,351,352,
339,340,341,342,343,344,345,346,347,348,349,350,351,352,
341,342,343,344,345,346,347,348,349,350,351,352,353,354,
341,342,343,344,345,346,347,348,349,350,351,352,353,354,
343,344,345,346,347,348,349,350,351,352,353,354,355,356,
343,344,345,346,347,348,349,350,351,352,353,354,355,356,
345,346,347,348,349,350,351,352,353,354,355,356,357,358,
345,346,347,348,349,350,351,352,353,354,355,356,357,358,
347,348,349,350,351,352,353,354,355,356,357,358,359,360,
347,348,349,350,351,352,353,354,355,356,357,358,359,360,
349,350,351,352,353,354,355,356,357,358,359,360,361,362,
349,350,351,352,353,354,355,356,357,358,359,360,361,362,
351,352,353,354,355,356,357,358,359,360,361,362,363,364,
351,352,353,354,355,356,357,358,359,360,361,362,363,364,
353,354,355,356,357,358,359,360,361,362,363,364,365,366,
353,354,355,356,357,358,359,360,361,362,363,364,365,366,
355,356,357,358,359,360,361,362,363,364,365,366,367,368,
355,356,357,358,359,360,361,362,363,364,365,366,367,368,
357,358,359,360,361,362,363,364,365,366,367,368,369,
357,358,359,360,361,362,363,364,365,366,367,368,369,
359,360,361,362,363,364,365,366,367,368,369,370,371,
359,360,361,362,363,364,365,366,367,368,369,370,371,
361,362,363,364,365,366,367,368,369,370,371,372,373,
361,362,363,364,365,366,367,368,369,370,371,372,373,
363,364,365,366,367,368,369,370,371,372,373,
365,366,367,368,369,370,371,372,373,
365,366,367,368,369,370,371,372,373,
367,368,369,370,371,372,373,
367,368,369,370,371,372,373,
