0, 1, 2, 4, 5, 6, 8, 9, 10,
0, 1, 2, 3, 4, 5, 6, 7, 8, 9, 10, 11,
0, 1, 2, 3, 4, 5, 6, 7, 8, 9, 10, 11,
1, 2, 3, 5, 6, 7, 9, 10, 11,
0, 1, 2, 4, 5, 6, 8, 9, 10, 12, 13, 14,
0, 1, 2, 3, 4, 5, 6, 7, 8, 9, 10, 11, 12, 13, 14, 15,
0, 1, 2, 3, 4, 5, 6, 7, 8, 9, 10, 11, 12, 13, 14, 15,
1, 2, 3, 5, 6, 7, 9, 10, 11, 13, 14, 15,
0, 1, 2, 4, 5, 6, 8, 9, 10, 12, 13, 14, 16, 17, 18,
0, 1, 2, 3, 4, 5, 6, 7, 8, 9, 10, 11, 12, 13, 14, 15, 16, 17, 18, 19,
0, 1, 2, 3, 4, 5, 6, 7, 8, 9, 10, 11, 12, 13, 14, 15, 16, 17, 18, 19,
1, 2, 3, 5, 6, 7, 9, 10, 11, 13, 14, 15, 17, 18, 19,
4, 5, 6, 8, 9, 10, 12, 13, 14, 16, 17, 18, 20, 21, 22,
4, 5, 6, 7, 8, 9, 10, 11, 12, 13, 14, 15, 16, 17, 18, 19, 20, 21, 22, 23,
4, 5, 6, 7, 8, 9, 10, 11, 12, 13, 14, 15, 16, 17, 18, 19, 20, 21, 22, 23,
5, 6, 7, 9, 10, 11, 13, 14, 15, 17, 18, 19, 21, 22, 23,
8, 9, 10, 12, 13, 14, 16, 17, 18, 20, 21, 22, 24, 25, 26,
8, 9, 10, 11, 12, 13, 14, 15, 16, 17, 18, 19, 20, 21, 22, 23, 24, 25, 26, 27,
8, 9, 10, 11, 12, 13, 14, 15, 16, 17, 18, 19, 20, 21, 22, 23, 24, 25, 26, 27,
9, 10, 11, 13, 14, 15, 17, 18, 19, 21, 22, 23, 25, 26, 27,
12, 13, 14, 16, 17, 18, 20, 21, 22, 24, 25, 26, 28, 29, 30,
12, 13, 14, 15, 16, 17, 18, 19, 20, 21, 22, 23, 24, 25, 26, 27, 28, 29, 30, 31,
12, 13, 14, 15, 16, 17, 18, 19, 20, 21, 22, 23, 24, 25, 26, 27, 28, 29, 30, 31,
13, 14, 15, 17, 18, 19, 21, 22, 23, 25, 26, 27, 29, 30, 31,
16, 17, 18, 20, 21, 22, 24, 25, 26, 28, 29, 30, 32, 33, 34,
16, 17, 18, 19, 20, 21, 22, 23, 24, 25, 26, 27, 28, 29, 30, 31, 32, 33, 34, 35,
16, 17, 18, 19, 20, 21, 22, 23, 24, 25, 26, 27, 28, 29, 30, 31, 32, 33, 34, 35,
17, 18, 19, 21, 22, 23, 25, 26, 27, 29, 30, 31, 33, 34, 35,
20, 21, 22, 24, 25, 26, 28, 29, 30, 32, 33, 34, 36, 37, 38,
20, 21, 22, 23, 24, 25, 26, 27, 28, 29, 30, 31, 32, 33, 34, 35, 36, 37, 38, 39,
20, 21, 22, 23, 24, 25, 26, 27, 28, 29, 30, 31, 32, 33, 34, 35, 36, 37, 38, 39,
21, 22, 23, 25, 26, 27, 29, 30, 31, 33, 34, 35, 37, 38, 39,
24, 25, 26, 28, 29, 30, 32, 33, 34, 36, 37, 38, 40, 41, 42,
24, 25, 26, 27, 28, 29, 30, 31, 32, 33, 34, 35, 36, 37, 38, 39, 40, 41, 42, 43,
24, 25, 26, 27, 28, 29, 30, 31, 32, 33, 34, 35, 36, 37, 38, 39, 40, 41, 42, 43,
25, 26, 27, 29, 30, 31, 33, 34, 35, 37, 38, 39, 41, 42, 43,
28, 29, 30, 32, 33, 34, 36, 37, 38, 40, 41, 42, 44, 45, 46,
28, 29, 30, 31, 32, 33, 34, 35, 36, 37, 38, 39, 40, 41, 42, 43, 44, 45, 46, 47,
28, 29, 30, 31, 32, 33, 34, 35, 36, 37, 38, 39, 40, 41, 42, 43, 44, 45, 46, 47,
29, 30, 31, 33, 34, 35, 37, 38, 39, 41, 42, 43, 45, 46, 47,
32, 33, 34, 36, 37, 38, 40, 41, 42, 44, 45, 46, 48, 49, 50,
32, 33, 34, 35, 36, 37, 38, 39, 40, 41, 42, 43, 44, 45, 46, 47, 48, 49, 50, 51,
32, 33, 34, 35, 36, 37, 38, 39, 40, 41, 42, 43, 44, 45, 46, 47, 48, 49, 50, 51,
33, 34, 35, 37, 38, 39, 41, 42, 43, 45, 46, 47, 49, 50, 51,
36, 37, 38, 40, 41, 42, 44, 45, 46, 48, 49, 50, 52, 53, 54,
36, 37, 38, 39, 40, 41, 42, 43, 44, 45, 46, 47, 48, 49, 50, 51, 52, 53, 54, 55,
36, 37, 38, 39, 40, 41, 42, 43, 44, 45, 46, 47, 48, 49, 50, 51, 52, 53, 54, 55,
37, 38, 39, 41, 42, 43, 45, 46, 47, 49, 50, 51, 53, 54, 55,
40, 41, 42, 44, 45, 46, 48, 49, 50, 52, 53, 54, 56, 57, 58,
40, 41, 42, 43, 44, 45, 46, 47, 48, 49, 50, 51, 52, 53, 54, 55, 56, 57, 58, 59,
40, 41, 42, 43, 44, 45, 46, 47, 48, 49, 50, 51, 52, 53, 54, 55, 56, 57, 58, 59,
41, 42, 43, 45, 46, 47, 49, 50, 51, 53, 54, 55, 57, 58, 59,
44, 45, 46, 48, 49, 50, 52, 53, 54, 56, 57, 58, 60, 61, 62,
44, 45, 46, 47, 48, 49, 50, 51, 52, 53, 54, 55, 56, 57, 58, 59, 60, 61, 62, 63,
44, 45, 46, 47, 48, 49, 50, 51, 52, 53, 54, 55, 56, 57, 58, 59, 60, 61, 62, 63,
45, 46, 47, 49, 50, 51, 53, 54, 55, 57, 58, 59, 61, 62, 63,
48, 49, 50, 52, 53, 54, 56, 57, 58, 60, 61, 62, 64, 65, 66,
48, 49, 50, 51, 52, 53, 54, 55, 56, 57, 58, 59, 60, 61, 62, 63, 64, 65, 66, 67,
48, 49, 50, 51, 52, 53, 54, 55, 56, 57, 58, 59, 60, 61, 62, 63, 64, 65, 66, 67,
49, 50, 51, 53, 54, 55, 57, 58, 59, 61, 62, 63, 65, 66, 67,
52, 53, 54, 56, 57, 58, 60, 61, 62, 64, 65, 66, 68, 69, 70,
52, 53, 54, 55, 56, 57, 58, 59, 60, 61, 62, 63, 64, 65, 66, 67, 68, 69, 70, 71,
52, 53, 54, 55, 56, 57, 58, 59, 60, 61, 62, 63, 64, 65, 66, 67, 68, 69, 70, 71,
53, 54, 55, 57, 58, 59, 61, 62, 63, 65, 66, 67, 69, 70, 71,
56, 57, 58, 60, 61, 62, 64, 65, 66, 68, 69, 70, 72, 73, 74,
56, 57, 58, 59, 60, 61, 62, 63, 64, 65, 66, 67, 68, 69, 70, 71, 72, 73, 74, 75,
56, 57, 58, 59, 60, 61, 62, 63, 64, 65, 66, 67, 68, 69, 70, 71, 72, 73, 74, 75,
57, 58, 59, 61, 62, 63, 65, 66, 67, 69, 70, 71, 73, 74, 75,
60, 61, 62, 64, 65, 66, 68, 69, 70, 72, 73, 74, 76, 77, 78,
60, 61, 62, 63, 64, 65, 66, 67, 68, 69, 70, 71, 72, 73, 74, 75, 76, 77, 78, 79,
60, 61, 62, 63, 64, 65, 66, 67, 68, 69, 70, 71, 72, 73, 74, 75, 76, 77, 78, 79,
61, 62, 63, 65, 66, 67, 69, 70, 71, 73, 74, 75, 77, 78, 79,
64, 65, 66, 68, 69, 70, 72, 73, 74, 76, 77, 78, 80, 81, 82,
64, 65, 66, 67, 68, 69, 70, 71, 72, 73, 74, 75, 76, 77, 78, 79, 80, 81, 82, 83,
64, 65, 66, 67, 68, 69, 70, 71, 72, 73, 74, 75, 76, 77, 78, 79, 80, 81, 82, 83,
65, 66, 67, 69, 70, 71, 73, 74, 75, 77, 78, 79, 81, 82, 83,
68, 69, 70, 72, 73, 74, 76, 77, 78, 80, 81, 82, 84, 85, 86,
68, 69, 70, 71, 72, 73, 74, 75, 76, 77, 78, 79, 80, 81, 82, 83, 84, 85, 86, 87,
68, 69, 70, 71, 72, 73, 74, 75, 76, 77, 78, 79, 80, 81, 82, 83, 84, 85, 86, 87,
69, 70, 71, 73, 74, 75, 77, 78, 79, 81, 82, 83, 85, 86, 87,
72, 73, 74, 76, 77, 78, 80, 81, 82, 84, 85, 86, 88, 89, 90,
72, 73, 74, 75, 76, 77, 78, 79, 80, 81, 82, 83, 84, 85, 86, 87, 88, 89, 90, 91,
72, 73, 74, 75, 76, 77, 78, 79, 80, 81, 82, 83, 84, 85, 86, 87, 88, 89, 90, 91,
73, 74, 75, 77, 78, 79, 81, 82, 83, 85, 86, 87, 89, 90, 91,
76, 77, 78, 80, 81, 82, 84, 85, 86, 88, 89, 90, 92, 93, 94,
76, 77, 78, 79, 80, 81, 82, 83, 84, 85, 86, 87, 88, 89, 90, 91, 92, 93, 94, 95,
76, 77, 78, 79, 80, 81, 82, 83, 84, 85, 86, 87, 88, 89, 90, 91, 92, 93, 94, 95,
77, 78, 79, 81, 82, 83, 85, 86, 87, 89, 90, 91, 93, 94, 95,
80, 81, 82, 84, 85, 86, 88, 89, 90, 92, 93, 94, 96, 97, 98,
80, 81, 82, 83, 84, 85, 86, 87, 88, 89, 90, 91, 92, 93, 94, 95, 96, 97, 98, 99,
80, 81, 82, 83, 84, 85, 86, 87, 88, 89, 90, 91, 92, 93, 94, 95, 96, 97, 98, 99,
81, 82, 83, 85, 86, 87, 89, 90, 91, 93, 94, 95, 97, 98, 99,
84, 85, 86, 88, 89, 90, 92, 93, 94, 96, 97, 98, 100, 101, 102,
84, 85, 86, 87, 88, 89, 90, 91, 92, 93, 94, 95, 96, 97, 98, 99, 100, 101, 102, 103,
84, 85, 86, 87, 88, 89, 90, 91, 92, 93, 94, 95, 96, 97, 98, 99, 100, 101, 102, 103,
85, 86, 87, 89, 90, 91, 93, 94, 95, 97, 98, 99, 101, 102, 103,
88, 89, 90, 92, 93, 94, 96, 97, 98, 100, 101, 102, 104, 105, 106,
88, 89, 90, 91, 92, 93, 94, 95, 96, 97, 98, 99, 100, 101, 102, 103, 104, 105, 106, 107,
88, 89, 90, 91, 92, 93, 94, 95, 96, 97, 98, 99, 100, 101, 102, 103, 104, 105, 106, 107,
89, 90, 91, 93, 94, 95, 97, 98, 99, 101, 102, 103, 105, 106, 107,
92, 93, 94, 96, 97, 98, 100, 101, 102, 104, 105, 106, 108, 109, 110,
92, 93, 94, 95, 96, 97, 98, 99, 100, 101, 102, 103, 104, 105, 106, 107, 108, 109, 110, 111,
92, 93, 94, 95, 96, 97, 98, 99, 100, 101, 102, 103, 104, 105, 106, 107, 108, 109, 110, 111,
93, 94, 95, 97, 98, 99, 101, 102, 103, 105, 106, 107, 109, 110, 111,
96, 97, 98, 100, 101, 102, 104, 105, 106, 108, 109, 110, 112, 113, 114,
96, 97, 98, 99, 100, 101, 102, 103, 104, 105, 106, 107, 108, 109, 110, 111, 112, 113, 114, 115,
96, 97, 98, 99, 100, 101, 102, 103, 104, 105, 106, 107, 108, 109, 110, 111, 112, 113, 114, 115,
97, 98, 99, 101, 102, 103, 105, 106, 107, 109, 110, 111, 113, 114, 115,
100, 101, 102, 104, 105, 106, 108, 109, 110, 112, 113, 114, 116, 117, 118,
100, 101, 102, 103, 104, 105, 106, 107, 108, 109, 110, 111, 112, 113, 114, 115, 116, 117, 118, 119,
100, 101, 102, 103, 104, 105, 106, 107, 108, 109, 110, 111, 112, 113, 114, 115, 116, 117, 118, 119,
101, 102, 103, 105, 106, 107, 109, 110, 111, 113, 114, 115, 117, 118, 119,
104, 105, 106, 108, 109, 110, 112, 113, 114, 116, 117, 118, 120, 121, 122,
104, 105, 106, 107, 108, 109, 110, 111, 112, 113, 114, 115, 116, 117, 118, 119, 120, 121, 122, 123,
104, 105, 106, 107, 108, 109, 110, 111, 112, 113, 114, 115, 116, 117, 118, 119, 120, 121, 122, 123,
105, 106, 107, 109, 110, 111, 113, 114, 115, 117, 118, 119, 121, 122, 123,
108, 109, 110, 112, 113, 114, 116, 117, 118, 120, 121, 122, 124, 125, 126,
108, 109, 110, 111, 112, 113, 114, 115, 116, 117, 118, 119, 120, 121, 122, 123, 124, 125, 126, 127,
108, 109, 110, 111, 112, 113, 114, 115, 116, 117, 118, 119, 120, 121, 122, 123, 124, 125, 126, 127,
109, 110, 111, 113, 114, 115, 117, 118, 119, 121, 122, 123, 125, 126, 127,
112, 113, 114, 116, 117, 118, 120, 121, 122, 124, 125, 126,
112, 113, 114, 115, 116, 117, 118, 119, 120, 121, 122, 123, 124, 125, 126, 127,
112, 113, 114, 115, 116, 117, 118, 119, 120, 121, 122, 123, 124, 125, 126, 127,
113, 114, 115, 117, 118, 119, 121, 122, 123, 125, 126, 127,
116, 117, 118, 120, 121, 122, 124, 125, 126,
116, 117, 118, 119, 120, 121, 122, 123, 124, 125, 126, 127,
116, 117, 118, 119, 120, 121, 122, 123, 124, 125, 126, 127,
117, 118, 119, 121, 122, 123, 125, 126, 127,
