0,1,2,5,6,9,10,14,15,16,20,21,25,26,30,33,34,36,37,38,41,42,43,44,45,46,47,48,49,53,54,55,58,59,60,61,65,66,67,70,71,72,75,77,78,79,80,81,82,83,84,87,88,89,90,91,94,95,97,98,99,
0,1,2,6,7,10,14,15,16,17,18,21,22,32,33,34,36,37,38,40,41,42,43,44,45,48,49,52,53,54,57,58,59,60,61,65,66,70,71,75,76,77,78,79,80,81,83,84,91,94,95,99,100,
0,1,2,6,7,14,15,16,17,18,21,22,26,32,33,34,36,37,40,41,42,43,44,48,49,52,53,54,57,58,59,65,66,70,71,75,76,77,78,79,80,81,83,84,91,94,95,99,100,
3,4,8,11,12,13,19,20,23,24,25,27,28,29,31,35,39,47,50,51,56,62,63,64,68,69,73,74,85,86,87,88,89,92,93,96,97,101,
3,4,8,9,11,12,13,19,20,23,24,25,27,28,29,31,35,39,46,47,50,51,55,56,62,63,64,67,68,69,73,74,82,85,86,87,88,89,90,92,93,96,97,98,101,
0,5,9,10,12,13,14,15,16,20,21,25,26,30,31,33,35,37,38,39,41,42,44,45,46,47,49,50,53,54,55,59,60,61,62,66,67,68,71,72,73,74,77,78,79,80,81,82,83,84,86,87,88,89,90,91,94,95,97,98,101,
0,1,2,6,7,14,15,16,17,18,21,22,26,32,33,34,36,37,40,41,42,43,44,45,48,49,52,53,54,57,58,59,60,65,66,70,71,75,76,77,78,79,80,81,83,84,91,94,95,99,100,
1,2,6,7,15,16,17,18,21,22,32,33,34,36,40,41,43,48,52,53,57,58,65,70,75,76,80,81,84,91,95,99,100,
3,4,8,9,11,12,13,19,20,23,24,25,27,28,29,30,31,35,39,46,47,50,51,55,56,62,63,64,67,68,69,72,73,74,85,86,87,88,89,90,92,93,96,97,98,101,
0,4,5,8,9,10,11,12,13,14,16,19,20,23,24,25,26,29,30,31,35,37,38,39,42,44,45,46,47,50,51,55,56,60,61,62,66,67,68,71,72,73,74,77,78,79,80,82,83,85,86,87,88,89,90,93,94,96,97,98,101,
0,1,5,9,10,12,13,14,15,16,20,21,25,26,29,30,31,33,35,37,38,39,41,42,44,45,46,47,49,50,53,54,55,59,60,61,62,66,67,68,71,72,73,74,77,78,79,80,81,82,83,84,86,87,88,89,90,91,94,95,97,98,101,
3,4,8,9,11,12,13,19,20,23,24,25,27,28,29,31,35,39,46,50,51,56,62,63,64,68,69,73,74,85,86,87,88,89,92,93,96,101,
3,4,5,8,9,10,11,12,13,19,20,23,24,25,27,28,29,30,31,35,38,39,46,47,50,51,55,56,62,63,64,67,68,69,72,73,74,82,85,86,87,88,89,90,92,93,96,97,98,101,
3,4,5,8,9,10,11,12,13,14,19,20,23,24,25,26,27,28,29,30,31,35,38,39,45,46,47,50,51,55,56,60,61,62,63,64,66,67,68,69,72,73,74,78,79,82,83,85,86,87,88,89,90,92,93,94,96,97,98,101,
0,1,2,5,6,9,10,13,14,15,16,20,21,25,26,30,33,34,36,37,38,41,42,44,45,46,47,49,53,54,55,58,59,60,61,65,66,67,70,71,72,77,78,79,80,81,82,83,84,87,88,89,90,91,94,95,97,98,101,
0,1,2,5,6,7,10,14,15,16,17,18,21,22,26,30,32,33,34,36,37,38,40,41,42,43,44,45,46,48,49,52,53,54,55,57,58,59,60,61,65,66,67,70,71,72,75,76,77,78,79,80,81,82,83,84,90,91,94,95,98,99,100,
0,1,2,5,6,7,9,10,14,15,16,17,21,26,30,33,34,36,37,38,40,41,42,43,44,45,46,48,49,52,53,54,55,57,58,59,60,61,65,66,70,71,72,75,77,78,79,80,81,82,83,84,87,89,90,91,94,95,98,99,100,
1,2,6,7,15,16,17,18,21,22,32,33,34,36,37,40,41,43,44,48,52,53,54,57,58,59,65,70,71,75,76,77,80,81,84,91,95,99,100,
1,2,6,7,15,17,18,21,22,32,33,34,36,40,41,43,48,52,53,54,57,58,65,70,75,76,80,81,84,91,95,99,100,
3,4,8,9,11,12,13,19,20,23,24,25,27,28,29,30,31,35,38,39,46,47,50,51,55,56,61,62,63,64,67,68,69,73,74,82,85,86,87,88,89,90,92,93,96,97,98,101,
0,3,4,5,8,9,10,11,12,13,14,19,20,23,24,25,26,27,28,29,30,31,35,38,39,42,45,46,47,50,51,55,56,60,61,62,63,66,67,68,69,72,73,74,78,79,82,83,85,86,87,88,89,90,92,93,94,96,97,98,101,
0,1,2,5,6,7,10,14,15,16,17,18,21,22,26,30,32,33,34,36,37,38,40,41,42,43,44,45,46,48,49,52,53,54,57,58,59,60,61,65,66,70,71,75,77,78,79,80,81,82,83,84,90,91,94,95,99,100,
1,2,6,7,15,17,18,21,22,32,33,34,36,37,40,41,43,48,49,52,53,54,57,58,59,65,70,75,76,77,80,81,84,91,95,99,100,
3,4,8,9,11,12,13,19,20,23,24,25,27,28,29,31,35,39,46,47,50,51,55,56,62,63,64,68,69,73,74,82,85,86,87,88,89,92,93,96,97,101,
3,4,8,9,11,12,13,19,20,23,24,25,27,28,29,30,31,35,38,39,46,47,50,51,55,56,62,63,64,67,68,69,72,73,74,82,85,86,87,88,89,90,92,93,96,97,98,101,
0,3,4,5,8,9,10,11,12,13,14,19,20,23,24,25,26,27,28,29,30,31,35,37,38,39,42,44,45,46,47,49,50,51,55,56,60,61,62,63,66,67,68,69,71,72,73,74,78,79,82,83,85,86,87,88,89,90,92,93,94,96,97,98,101,
0,2,5,6,9,10,13,14,15,16,20,21,25,26,30,31,33,35,37,38,41,42,44,45,46,47,49,50,53,54,55,59,60,61,62,66,67,71,72,73,77,78,79,80,81,82,83,84,86,87,88,89,90,91,94,95,97,98,101,
3,4,8,11,12,13,19,20,23,24,25,27,28,29,31,35,39,50,51,56,62,63,64,68,69,73,74,85,86,87,88,92,93,96,101,
3,4,8,11,12,13,19,20,23,24,25,27,28,29,31,35,39,47,50,51,55,56,62,63,64,67,68,69,73,74,85,86,87,88,89,92,93,96,97,101,
3,4,8,9,10,11,12,13,19,20,23,24,25,27,28,29,30,31,35,38,39,45,46,47,50,51,55,56,61,62,63,64,67,68,69,73,74,82,85,86,87,88,89,90,92,93,96,97,98,101,
0,5,8,9,10,12,13,14,15,16,19,20,21,24,25,26,29,30,31,33,35,37,38,39,41,42,44,45,46,47,49,50,53,54,55,59,60,61,62,66,67,68,71,72,73,74,77,78,79,80,81,82,83,86,87,88,89,90,94,95,97,98,101,
3,4,5,8,9,10,11,12,13,19,20,23,24,25,26,27,28,29,30,31,35,38,39,45,46,47,50,51,55,56,61,62,63,64,67,68,69,72,73,74,82,85,86,87,88,89,90,92,93,94,96,97,98,101,
1,2,6,7,15,17,18,21,22,32,33,34,36,40,41,43,48,52,53,54,57,58,59,65,70,75,76,77,80,81,84,91,95,99,100,
0,1,2,5,6,7,10,14,15,16,17,18,21,22,26,30,32,33,34,36,37,38,40,41,42,43,44,45,48,49,52,53,54,57,58,59,60,61,65,66,70,71,72,75,76,77,78,79,80,81,83,84,90,91,94,95,98,99,100,
0,1,2,6,7,14,15,16,17,18,21,22,32,33,34,36,37,40,41,42,43,44,48,49,52,53,54,57,58,59,65,66,70,71,75,76,77,78,79,80,81,83,84,91,95,99,100,
3,4,5,8,9,10,11,12,13,19,20,23,24,25,26,27,28,29,30,31,35,38,39,45,46,47,50,51,55,56,60,61,62,63,64,67,68,69,72,73,74,78,82,83,85,86,87,88,89,90,92,93,94,96,97,98,101,
0,1,2,6,7,14,15,16,17,18,21,22,32,33,34,36,37,40,41,42,43,44,48,49,52,53,54,57,58,59,65,66,70,71,75,76,77,79,80,81,84,91,95,99,100,
0,1,2,5,6,9,10,14,15,16,17,21,22,25,26,30,33,34,36,37,38,41,42,43,44,45,46,47,48,49,52,53,54,55,58,59,60,61,65,66,67,70,71,72,75,77,78,79,80,81,82,83,84,87,89,90,91,94,95,97,98,99,100,
0,1,5,9,10,12,13,14,15,16,19,20,21,24,25,26,29,30,31,33,35,37,38,39,41,42,44,45,46,47,49,50,51,53,54,55,59,60,61,62,66,67,68,71,72,73,74,77,78,79,80,81,82,83,86,87,88,89,90,94,97,98,101,
3,4,5,8,9,10,11,12,13,19,20,23,24,25,27,28,29,30,31,35,38,39,45,46,47,50,51,55,56,60,61,62,63,64,67,68,69,72,73,74,82,85,86,87,88,89,90,92,93,94,96,97,98,101,
1,2,6,7,15,16,17,18,21,22,32,33,34,36,40,41,43,48,52,53,54,57,58,59,65,70,75,76,77,80,81,84,91,95,99,100,
0,1,2,5,6,7,10,14,15,16,17,18,21,22,26,30,32,33,34,36,37,38,40,41,42,43,44,45,48,49,52,53,54,57,58,59,60,61,65,66,70,71,72,75,76,77,78,79,80,81,82,83,84,90,91,94,95,98,99,100,
0,1,2,5,6,9,10,14,15,16,20,21,25,26,30,33,34,36,37,38,41,42,43,44,45,46,47,48,49,50,53,54,55,58,59,60,61,65,66,67,70,71,72,75,77,78,79,80,81,82,83,84,87,88,89,90,91,94,95,97,98,99,100,
0,1,2,6,7,15,16,17,18,21,22,32,33,34,36,37,40,41,42,43,44,48,49,52,53,54,57,58,59,60,65,66,70,71,75,76,77,79,80,81,84,91,95,99,100,
0,1,2,5,6,9,10,14,15,16,17,21,25,26,30,33,34,36,37,38,41,42,43,44,45,46,48,49,50,52,53,54,55,57,58,59,60,61,65,66,67,70,71,72,75,77,78,79,80,81,82,83,84,87,89,90,91,94,95,97,98,99,100,
0,1,5,6,9,10,13,14,15,16,20,21,25,26,29,30,31,33,35,37,38,39,41,42,44,45,46,47,49,50,53,54,55,59,60,61,65,66,67,68,71,72,73,77,78,79,80,81,82,83,84,86,87,88,89,90,91,94,95,97,98,99,101,
0,4,5,8,9,10,11,12,13,14,15,16,19,20,21,23,24,25,26,29,30,31,35,37,38,39,42,44,45,46,47,49,50,51,55,59,60,61,62,66,67,68,71,72,73,74,77,78,79,80,82,83,86,87,88,89,90,93,94,96,97,98,101,
0,3,4,5,8,9,10,12,13,14,19,20,23,24,25,26,28,29,30,31,35,37,38,39,42,45,46,47,49,50,51,55,56,60,61,62,63,66,67,68,69,72,73,74,78,79,82,83,86,87,88,89,90,92,93,94,96,97,98,101,
0,1,2,6,7,15,16,17,18,21,22,32,33,34,36,37,40,41,42,43,44,48,49,52,53,54,57,58,59,65,70,75,76,77,80,81,84,91,95,99,100,
0,1,2,5,6,10,14,15,16,21,22,25,26,30,33,34,36,37,38,41,42,43,44,45,46,47,48,49,52,53,54,55,58,59,60,61,65,66,67,70,71,72,75,77,78,79,80,81,82,83,84,89,90,91,94,95,97,98,99,
3,4,5,8,9,10,11,12,13,19,20,23,24,25,26,27,28,29,30,31,35,38,39,42,44,45,46,47,50,51,55,56,60,61,62,64,66,67,68,71,72,73,74,78,79,82,83,85,86,87,88,89,90,92,93,94,96,97,98,101,
3,4,8,9,11,12,13,19,20,23,24,25,27,28,29,31,35,38,39,46,47,50,51,55,56,62,63,64,68,69,73,74,82,85,86,87,88,89,90,92,93,96,97,101,
1,2,6,7,15,16,17,18,21,22,32,33,34,36,37,40,41,43,44,48,49,52,53,54,57,58,59,65,70,75,76,77,80,81,84,91,95,99,100,
0,1,2,5,6,7,10,14,15,16,17,18,21,22,26,30,32,33,34,36,37,38,40,41,42,43,44,45,48,49,52,53,54,57,58,59,60,61,65,66,70,71,72,75,76,77,78,79,80,81,83,84,91,94,95,99,100,
0,1,2,5,6,10,14,15,16,17,18,21,22,26,30,32,33,34,36,37,38,40,41,42,43,44,45,48,49,52,53,54,55,58,59,60,61,65,66,67,70,71,72,75,76,77,78,79,80,81,83,84,90,91,94,95,98,99,100,
0,4,5,8,9,10,12,13,14,15,16,19,20,23,24,25,26,28,29,30,31,35,37,38,39,42,44,45,46,47,49,50,51,54,55,59,60,61,62,66,67,68,71,72,73,74,77,78,79,80,82,83,86,87,88,89,90,93,94,96,97,98,101,
3,4,8,9,11,12,13,19,20,23,24,25,27,28,29,31,35,39,47,50,51,56,62,63,64,68,69,73,74,85,86,87,88,89,92,93,96,97,101,
1,2,6,7,15,16,17,18,21,22,32,33,34,36,40,41,43,44,48,52,53,57,58,65,70,75,76,77,80,81,84,91,95,99,100,
0,1,2,6,7,14,15,16,17,18,21,22,32,33,34,36,37,40,41,42,43,44,48,49,52,53,54,57,58,59,65,66,70,75,76,77,80,81,84,91,95,99,100,
0,1,2,5,6,10,14,15,16,17,21,22,26,30,32,33,34,36,37,38,40,41,42,43,44,45,46,48,49,52,53,54,55,58,59,60,61,65,66,67,70,71,72,75,77,78,79,80,81,82,83,84,89,90,91,94,95,97,98,99,100,
0,1,5,6,9,10,13,14,15,16,20,21,25,26,30,33,35,37,38,39,41,42,43,44,45,46,47,49,50,53,54,55,59,60,61,65,66,67,68,70,71,72,77,78,79,80,81,82,83,84,86,87,88,89,90,91,94,95,97,98,99,
0,1,5,9,10,13,14,15,16,19,20,21,25,26,29,30,31,33,35,37,38,39,41,42,44,45,46,47,49,50,53,54,55,59,60,61,65,66,67,68,71,72,73,74,77,78,79,80,81,82,83,84,86,87,88,89,90,94,97,98,101,
3,4,5,8,9,10,11,12,13,19,20,23,24,25,26,27,28,29,30,31,35,38,39,46,47,50,51,55,56,62,63,64,67,68,69,72,73,74,82,85,86,87,88,89,90,92,93,94,96,97,98,101,
3,4,8,11,12,13,19,20,23,24,25,27,28,29,31,35,39,47,51,56,62,63,64,68,69,73,74,85,86,88,92,93,96,101,
3,4,8,11,12,13,19,23,24,27,28,29,31,35,39,50,51,56,62,63,64,68,69,73,74,85,86,87,88,92,93,96,
0,1,2,6,7,14,15,16,17,18,21,22,32,33,34,36,37,40,41,42,43,44,45,48,49,52,53,54,57,58,59,60,61,65,66,70,71,75,76,77,78,79,80,81,83,84,91,94,95,99,100,
0,1,2,5,6,9,10,13,14,15,16,20,21,25,26,30,33,34,36,37,38,41,42,43,44,45,46,47,49,50,53,54,55,58,59,60,61,65,66,67,70,71,72,77,78,79,80,81,82,83,84,86,87,88,89,90,91,94,95,97,98,99,101,
0,4,5,8,9,10,12,13,14,15,19,20,24,25,26,28,29,30,31,35,37,38,39,42,44,45,46,47,49,50,54,55,59,60,61,62,66,67,68,71,72,73,74,77,78,79,82,83,86,87,88,89,90,93,94,96,97,98,101,
3,4,5,8,9,10,11,12,13,19,20,23,24,25,27,28,29,30,31,35,38,39,45,46,47,50,51,55,56,60,61,62,63,64,67,68,69,72,73,74,79,82,83,85,86,87,88,89,90,92,93,94,96,97,98,101,
3,4,8,11,12,13,19,20,23,24,25,27,28,29,31,35,39,47,51,56,62,63,64,68,69,73,74,85,86,88,92,93,96,101,
0,1,2,6,7,14,15,16,17,18,21,22,32,33,34,36,37,40,41,42,43,44,48,49,52,53,54,57,58,59,60,65,66,70,71,75,76,77,78,79,80,81,83,84,91,95,99,100,
0,1,2,5,6,9,10,14,15,16,17,21,25,26,30,33,34,36,37,38,41,42,43,44,45,46,49,50,53,54,55,59,60,61,65,66,67,70,71,72,75,77,78,79,80,81,82,83,84,86,87,88,89,90,91,94,95,97,98,99,100,
0,5,8,9,10,12,13,14,15,16,20,24,25,26,30,31,33,35,37,38,39,41,42,44,45,46,47,49,50,53,54,55,59,60,61,62,66,67,68,71,72,73,74,77,78,79,80,82,83,86,87,88,89,90,94,95,97,98,101,
3,4,5,8,9,10,11,12,13,19,20,23,24,25,26,27,28,29,30,31,35,38,39,45,46,47,50,51,55,56,61,62,63,64,67,68,69,72,73,74,78,82,83,85,86,87,88,89,90,92,93,94,96,97,98,101,
3,4,5,8,9,10,11,12,13,19,20,23,24,25,27,28,29,30,31,35,38,39,46,47,50,51,55,56,61,62,63,64,67,68,69,72,73,74,82,85,86,87,88,89,90,92,93,96,97,98,101,
0,1,2,6,7,15,16,17,18,21,22,32,33,34,36,37,40,41,42,43,44,48,49,52,53,54,57,58,59,65,70,71,75,76,77,80,81,84,91,95,99,100,
1,2,6,7,15,17,18,22,32,33,34,36,40,41,43,48,52,53,54,57,58,65,70,75,76,81,84,91,95,99,100,
0,1,2,5,6,9,10,14,15,16,17,21,22,26,30,32,33,34,36,37,38,40,41,42,43,44,45,46,48,49,52,53,54,55,57,58,59,60,61,65,66,67,70,71,72,75,77,78,79,80,81,82,83,84,89,90,91,94,95,97,98,99,100,
0,1,2,5,6,9,10,13,14,15,16,20,21,25,26,30,33,34,35,37,38,41,42,44,45,46,47,49,50,53,54,55,59,60,61,65,66,67,70,71,72,73,77,78,79,80,81,82,83,84,86,87,88,89,90,91,94,95,97,98,101,
0,1,2,5,6,9,10,13,14,15,16,20,21,25,26,30,33,34,36,37,38,41,42,43,44,45,46,47,49,50,53,54,55,59,60,61,65,66,67,68,70,71,72,77,78,79,80,81,82,83,84,86,87,88,89,90,91,94,95,97,98,99,100,
0,1,2,5,6,7,9,10,14,15,16,17,18,21,22,26,30,32,33,34,36,37,38,40,41,42,43,44,45,46,48,49,52,53,54,55,57,58,59,60,61,65,66,70,71,72,75,77,78,79,80,81,82,83,84,90,91,94,95,98,99,100,
0,1,2,5,6,7,10,14,15,16,17,18,21,22,26,30,32,33,34,36,37,38,40,41,42,43,44,45,48,49,52,53,54,57,58,59,60,61,65,66,70,71,75,76,77,78,79,80,81,82,83,84,91,94,95,99,100,
0,4,5,9,10,12,13,14,15,16,19,20,21,23,24,25,26,29,30,31,35,37,38,39,41,42,44,45,46,47,49,50,51,55,59,60,61,62,66,67,68,71,72,73,74,77,78,79,80,81,82,83,86,87,88,89,90,94,97,98,101,
0,1,2,5,6,9,10,13,14,15,16,20,21,25,26,30,33,34,35,37,38,41,42,44,45,46,47,49,50,53,54,55,59,60,61,65,66,67,68,70,71,72,73,77,78,79,80,81,82,83,84,86,87,88,89,90,91,94,95,97,98,99,101,
0,1,2,5,6,7,10,14,15,16,17,18,21,22,26,32,33,34,36,37,40,41,42,43,44,45,48,49,52,53,54,57,58,59,60,61,65,66,70,71,75,76,77,78,79,80,81,83,84,91,94,95,99,100,
3,4,8,9,11,12,13,19,20,23,24,25,27,28,29,31,35,39,50,51,56,62,63,64,68,69,73,74,85,86,87,88,92,93,96,101,
3,4,5,8,9,10,11,12,13,19,20,23,24,25,26,27,28,29,30,31,35,38,39,45,46,47,50,51,55,56,60,61,62,63,64,66,67,68,69,71,72,73,74,78,79,82,83,85,86,87,88,89,90,92,93,94,96,97,98,101,
0,3,4,5,8,9,10,11,12,13,14,16,19,20,23,24,25,26,27,28,29,30,31,35,37,38,39,42,44,45,46,47,50,51,55,56,60,61,62,64,66,67,68,71,72,73,74,78,79,82,83,85,86,87,88,89,90,92,93,94,96,97,98,101,
0,3,4,5,8,9,10,11,12,13,14,19,20,23,24,25,26,27,28,29,30,31,35,38,39,42,45,46,47,50,51,55,56,60,61,62,63,64,66,67,68,69,71,72,73,74,78,79,82,83,85,86,87,88,89,90,92,93,94,96,97,98,101,
0,3,4,5,8,9,10,11,12,13,14,16,19,20,23,24,25,26,28,29,30,31,35,37,38,39,42,44,45,46,47,49,50,51,55,56,59,60,61,62,66,67,68,71,72,73,74,77,78,79,82,83,86,87,88,89,90,93,94,96,97,98,101,
0,4,5,8,9,10,12,13,14,15,16,19,20,21,24,25,26,29,30,31,33,35,37,38,39,41,42,44,45,46,47,49,50,51,54,55,59,60,61,62,66,67,68,71,72,73,74,77,78,79,80,82,83,86,87,88,89,90,94,96,97,98,101,
0,1,2,5,6,7,10,14,15,16,17,18,21,22,26,32,33,34,36,37,40,41,42,43,44,45,48,49,52,53,54,57,58,59,60,65,66,70,71,75,76,77,78,79,80,81,83,84,91,94,95,99,100,
3,4,8,11,12,13,19,20,23,24,25,27,28,29,31,35,39,47,50,51,56,62,63,64,68,69,73,74,85,86,87,88,92,93,96,101,
3,4,8,9,11,12,13,19,20,23,24,25,27,28,29,31,35,39,46,47,50,51,55,56,62,63,64,67,68,69,73,74,85,86,87,88,89,92,93,96,97,101,
0,1,2,5,6,9,10,13,14,15,16,20,21,25,26,30,31,33,35,37,38,39,41,42,44,45,46,47,49,50,53,54,55,59,60,61,62,65,66,67,68,71,72,73,77,78,79,80,81,82,83,84,86,87,88,89,90,91,94,95,97,98,101,
0,1,2,5,6,7,10,14,15,16,17,18,21,22,26,30,32,33,34,36,37,40,41,42,43,44,45,48,49,52,53,54,57,58,59,60,65,66,70,71,72,75,76,77,78,79,80,81,83,84,91,94,95,99,100,
3,4,8,9,11,12,13,19,20,23,24,25,27,28,29,31,35,39,46,47,50,51,55,56,62,63,64,67,68,69,73,74,85,86,87,88,89,90,92,93,96,97,98,101,
0,3,4,5,8,9,10,12,13,14,19,20,23,24,25,26,28,29,30,31,35,37,38,39,42,44,45,46,47,49,50,51,55,56,59,60,61,62,66,67,68,71,72,73,74,77,78,79,82,83,86,87,88,89,90,93,94,96,97,98,101,
0,4,5,8,9,10,12,13,14,15,16,19,20,24,25,26,29,30,31,33,35,37,38,39,41,42,44,45,46,47,49,50,54,55,59,60,61,62,66,67,68,71,72,73,74,77,78,79,80,82,83,86,87,88,89,90,94,96,97,98,101,
0,1,2,6,7,15,16,17,18,21,22,32,33,34,36,37,40,41,42,43,44,45,48,49,52,53,54,57,58,59,60,65,66,70,71,75,76,77,79,80,81,83,84,91,95,99,100,
1,2,6,7,15,16,17,18,21,22,32,33,34,36,37,40,41,42,43,44,48,52,53,54,57,58,59,65,70,71,75,76,77,79,80,81,84,91,95,99,100,
3,4,5,8,9,10,11,12,13,14,19,20,23,24,25,26,27,28,29,30,31,35,38,39,45,46,47,50,51,55,56,61,62,63,66,67,68,69,72,73,74,78,82,83,85,86,87,88,89,90,92,93,94,96,97,98,101,
