2590,1750,
2643,1663,
2660,1715,
2625,1715,
2660,1645,
2643,1698,
2573,1733,
2678,1733,
2573,1663,
2590,1715,
2590,1733,
2625,1768,
2608,1698,
2660,1733,
2678,1698,
2625,1750,
2555,1645,
2608,1628,
2608,1715,
2555,1750,
2678,1715,
2573,1750,
2625,1680,
2643,1750,
2643,1680,
2608,1750,
2590,1645,
2590,1628,
2555,1698,
2555,1680,
2538,1715,
2538,1698,
2643,1733,
2625,1645,
2643,1768,
2608,1733,
2590,1680,
2660,1680,
2555,1715,
2573,1628,
2643,1628,
2678,1680,
2608,1768,
2538,1680,
2555,1733,
2590,1768,
2573,1715,
2573,1768,
2625,1733,
2660,1698,
2538,1733,
2555,1663,
2590,1663,
2573,1680,
2573,1645,
2590,1698,
2608,1645,
2625,1698,
2625,1663,
2643,1715,
2660,1663,
2643,1645,
2538,1663,
2678,1663,
2660,1750,
2625,1628,
2573,1698,
2608,1680,
2608,1663,
